Default maxiter = 1024; set to maxiter = 4096 
19
18
18
18
18
18
18
18
19
19
18
18
18
18
18
18
19
18
65
65
65
38
37
37
65
65
65
4096
4096
4096
4096
4096
4096
4096
4096
4096
71
71
71
4096
4096
4096
86
85
88
59
58
60
80
77
79
83
83
84
87
86
85
84
83
87
4096
4096
4096
102
102
106
87
87
88
83
83
85
4096
4096
4096
100
99
99
74
73
75
85
85
85
88
87
89
99
98
99
67
66
67
71
71
71
78
79
79
103
104
107
73
73
73
83
82
83
92
90
92
162
161
167
96
96
96
120
122
120
91
92
92
107
104
105
108
105
108
114
115
115
92
91
90
100
98
100
177
179
176
107
106
108
148
145
149
116
115
115
151
148
149
125
122
124
118
116
117
122
119
122
173
171
169
127
124
125
169
168
169
128
129
132
127
123
124
250
242
245
133
131
132
159
156
157
136
134
136
115
116
117
131
129
131
142
138
138
136
132
135
136
132
134
138
133
135
132
130
130
135
133
133
168
169
168
139
135
134
162
160
159
142
138
141
138
137
137
219
216
215
145
145
145
143
141
141
154
153
149
145
145
144
109
111
110
137
135
137
143
139
143
144
141
143
145
144
141
203
202
201
148
150
149
146
143
145
131
134
132
141
144
141
145
147
146
146
143
144
147
147
148
146
145
146
148
149
144
147
148
149
149
149
145
151
150
152
149
147
144
155
153
151
150
149
147
151
149
148
149
150
147
150
148
150
177
173
173
155
156
152
149
149
150
149
151
148
152
150
150
164
161
159
154
154
154
150
149
148
153
155
152
150
150
150
160
160
166
154
155
152
150
150
149
154
153
151
160
159
159
152
154
151
157
155
152
153
155
151
167
167
163
155
157
155
154
154
150
157
156
157
160
159
158
154
154
151
158
157
155
154
154
155
145
146
146
158
155
155
152
154
152
161
159
155
153
156
154
159
157
158
155
156
155
155
156
156
152
153
155
154
154
153
154
155
155
179
176
176
161
163
158
155
155
156
164
167
164
156
155
156
166
165
164
155
156
156
168
165
167
155
155
156
155
155
154
157
157
155
157
154
155
162
159
159
155
158
155
172
175
172
162
163
163
156
155
156
155
157
156
179
181
183
168
165
164
158
158
156
165
162
164
159
158
158
163
162
159
162
160
158
155
157
155
169
172
168
158
159
159
162
158
161
157
159
158
175
176
179
159
156
158
159
158
158
158
158
156
159
158
159
161
158
159
192
188
190
172
172
169
160
158
157
157
158
157
159
160
160
179
175
174
170
167
169
160
158
157
164
162
162
174
173
173
159
159
157
164
164
163
170
173
167
159
163
161
170
171
169
159
163
160
174
178
174
165
163
163
161
163
160
159
160
158
163
162
164
187
187
186
174
171
173
162
159
160
166
163
163
174
172
173
162
163
162
168
162
162
174
175
171
164
163
163
168
169
168
163
162
164
179
179
175
165
163
163
164
163
163
165
163
162
164
163
162
182
182
180
175
176
177
163
163
162
162
163
162
166
167
165
182
182
183
173
172
176
164
164
162
169
171
167
179
180
176
168
166
162
174
171
170
164
165
165
180
178
177
164
165
163
164
167
165
165
165
162
173
174
169
167
166
165
184
182
180
170
168
168
166
166
163
172
171
171
181
180
177
163
166
167
176
173
172
167
169
165
180
180
180
166
164
166
168
171
166
166
167
165
165
168
165
168
169
166
186
189
190
183
181
179
165
166
166
171
173
172
195
195
198
182
186
182
171
166
165
172
173
172
181
181
183
169
172
165
176
174
169
178
177
176
168
169
165
176
176
173
167
171
165
183
181
182
171
169
166
172
171
168
168
169
168
176
174
172
183
184
183
166
171
170
173
174
171
181
183
185
171
173
169
177
180
180
172
170
169
184
186
186
172
172
172
172
169
169
168
169
169
172
172
174
192
190
189
185
182
185
169
170
169
171
169
168
172
175
175
188
190
189
185
181
182
170
171
169
176
176
176
185
184
186
172
171
168
178
176
176
173
172
168
191
188
189
176
174
172
176
174
172
169
171
169
175
174
178
185
189
188
172
175
168
177
174
175
200
196
195
188
186
188
174
169
170
177
180
180
174
174
173
190
191
188
174
174
175
170
173
172
179
177
174
189
188
188
172
173
173
179
180
184
177
174
174
191
190
190
177
177
176
174
175
174
171
174
173
180
181
175
206
202
201
193
189
188
175
172
172
171
172
173
180
177
175
196
193
196
188
187
186
173
175
172
179
180
179
188
188
187
175
172
174
179
178
177
187
187
187
175
173
171
186
184
183
174
172
174
191
187
192
174
174
174
175
174
175
173
177
172
183
181
182
174
178
172
198
198
198
185
183
179
175
176
172
179
175
175
204
205
200
193
196
189
177
179
172
181
182
178
190
197
189
178
176
174
180
182
182
174
174
174
194
194
194
180
181
179
178
178
177
175
176
174
181
182
179
208
207
206
193
198
196
175
176
175
174
175
174
180
183
178
199
197
200
187
186
190
177
175
173
183
186
181
193
196
198
177
178
175
187
186
183
179
182
175
195
197
194
179
180
179
179
181
181
177
176
175
183
182
184
178
181
181
198
200
197
187
188
186
179
175
174
180
181
178
205
203
206
192
191
191
178
178
174
187
194
187
181
183
177
202
204
201
184
181
182
176
176
176
187
188
184
178
182
182
205
204
206
188
191
188
178
175
176
184
190
184
194
196
191
177
183
178
188
189
183
179
181
178
199
199
202
183
181
182
181
181
183
180
177
179
178
175
179
179
180
176
207
210
210
195
195
192
178
181
181
196
199
196
177
179
178
194
199
196
181
180
182
194
198
198
178
179
175
195
197
199
182
179
181
181
182
181
179
180
175
181
179
177
183
185
182
210
207
208
202
200
198
182
179
180
181
183
176
184
182
182
206
203
207
194
192
194
181
181
179
191
188
190
180
183
181
207
205
208
187
188
186
182
178
178
188
189
186
203
200
204
182
184
175
194
189
185
181
182
178
201
204
203
184
190
187
182
184
178
192
189
193
180
181
181
208
205
206
185
190
190
181
179
177
192
189
189
202
198
199
181
183
182
193
191
193
185
179
183
201
197
196
183
182
182
184
183
181
182
181
179
181
179
183
190
191
188
183
181
180
205
203
204
182
183
182
182
179
179
182
183
182
189
189
186
223
222
223
206
209
207
186
183
184
182
182
183
190
190
189
203
205
196
183
183
186
189
190
186
202
201
203
182
184
182
194
197
194
187
187
187
207
207
208
189
192
189
186
185
186
190
190
186
205
202
204
182
184
179
191
187
191
215
211
212
204
205
203
185
184
187
195
194
190
192
184
183
209
202
206
190
187
186
186
184
184
193
193
198
187
183
187
213
208
207
193
190
190
183
184
187
195
195
193
185
187
187
213
208
212
195
195
193
185
183
186
195
193
189
203
207
204
185
188
187
195
195
195
186
184
186
209
202
208
189
189
186
188
187
186
186
189
186
191
196
189
201
200
205
186
184
187
192
194
186
217
214
216
207
202
205
183
187
184
197
198
198
187
188
187
211
208
208
190
192
187
192
188
186
187
188
185
199
200
198
184
188
187
204
200
197
192
189
183
207
205
207
191
188
187
209
208
206
192
187
190
192
188
190
186
188
184
195
195
195
191
189
184
214
210
218
199
201
198
182
187
185
192
188
192
217
218
217
204
206
201
183
184
181
194
192
192
217
214
214
207
209
205
189
188
184
193
191
191
202
203
203
193
190
187
197
196
196
188
189
187
207
210
206
188
194
189
192
188
187
189
188
183
197
199
196
192
193
185
214
213
215
200
200
198
185
188
188
194
188
192
219
220
223
210
208
206
188
188
188
193
196
196
211
206
205
188
189
191
197
196
194
193
194
184
215
215
211
197
198
191
197
196
195
188
189
187
197
199
195
188
193
190
217
218
212
200
200
199
188
189
189
194
194
189
219
221
219
204
207
206
189
188
188
197
198
198
212
211
210
194
190
189
198
198
195
204
205
200
189
189
188
200
198
197
188
190
189
213
211
209
193
193
192
193
194
192
190
191
185
195
193
191
197
193
196
211
204
208
189
188
189
190
190
195
190
191
189
191
190
189
209
207
209
194
190
192
222
218
223
200
201
200
195
192
189
201
202
199
190
192
190
213
212
212
196
194
193
193
193
192
190
190
190
202
201
198
195
189
193
218
211
214
200
197
198
190
190
190
195
193
191
225
222
226
211
210
208
191
190
190
202
200
196
195
193
195
219
221
220
199
202
197
193
192
194
198
195
194
224
224
226
212
210
211
194
195
196
199
198
197
207
208
204
189
190
195
199
199
196
189
191
189
213
213
212
194
195
194
199
200
193
190
194
190
192
191
191
195
191
191
220
222
223
201
203
199
195
195
193
218
213
220
198
199
198
194
194
194
201
206
204
196
191
194
223
217
221
201
202
200
197
194
190
202
200
201
212
215
215
197
195
194
206
205
201
195
190
194
216
215
208
196
199
191
198
201
195
192
190
190
191
191
190
196
200
194
225
221
222
212
215
212
192
192
194
191
193
194
201
199
195
227
224
229
215
217
215
196
196
194
193
192
190
198
201
198
220
221
223
210
214
213
193
199
195
200
204
202
192
191
194
210
222
221
198
199
194
191
191
191
199
206
202
196
196
194
219
221
223
200
204
201
196
196
191
208
206
203
199
195
195
220
222
221
206
202
199
193
196
190
203
199
197
200
197
196
220
221
223
202
206
202
195
200
192
200
202
199
218
217
213
199
192
194
203
199
199
201
195
195
221
216
214
200
196
194
200
196
195
199
194
194
203
202
197
217
214
213
200
196
191
202
203
199
214
213
213
199
194
192
206
201
203
200
195
197
222
221
223
198
201
198
195
195
192
207
205
205
200
196
198
221
226
222
200
203
200
197
197
196
200
203
199
219
218
213
200
196
192
206
210
204
197
201
195
219
217
209
202
195
192
200
199
196
199
198
194
196
198
191
200
200
196
232
227
223
221
215
219
200
198
192
193
197
192
199
201
197
227
224
225
215
215
211
196
192
191
202
203
199
218
219
222
200
197
194
210
204
202
200
195
193
222
220
219
200
199
196
200
198
199
199
193
192
200
201
200
227
228
228
221
224
219
200
195
193
200
193
196
201
201
198
231
223
226
216
211
210
200
198
192
206
205
204
219
219
220
201
199
194
205
207
203
200
197
200
221
216
218
201
200
203
197
198
192
209
209
208
200
201
197
215
215
211
202
199
192
220
223
216
203
196
194
200
200
204
201
198
193
198
197
197
201
199
193
234
228
234
207
208
213
197
197
195
220
218
216
202
198
197
201
197
196
198
198
197
209
208
207
201
200
200
224
223
221
201
203
204
199
197
197
201
209
199
224
223
220
199
198
199
210
210
209
201
202
197
223
223
225
201
201
203
203
198
197
207
207
203
202
199
198
228
227
229
210
207
208
198
198
198
206
201
207
222
219
219
199
198
198
206
209
206
202
197
196
226
225
224
201
202
198
202
201
198
195
198
198
201
201
198
232
228
232
221
221
217
199
198
195
203
204
205
215
215
220
202
200
197
205
209
204
202
204
197
226
231
220
201
202
202
200
198
197
208
209
211
201
201
202
229
229
228
208
210
209
196
199
194
208
213
208
201
202
201
229
229
231
205
206
206
199
200
196
207
202
205
224
220
222
202
198
197
206
202
202
218
217
216
201
197
196
214
205
205
201
200
198
225
225
224
202
207
197
202
202
198
204
196
198
208
206
206
203
202
198
236
230
232
208
209
211
202
197
199
204
203
203
238
232
238
221
222
221
201
201
199
210
206
205
202
202
201
231
228
222
207
206
203
202
202
199
208
208
211
202
202
199
235
229
232
213
208
213
200
200
199
210
206
208
206
204
202
234
229
228
214
208
211
203
198
199
212
208
208
226
222
220
203
202
203
210
207
211
207
199
201
228
227
228
206
208
206
203
203
203
204
201
197
210
207
206
203
204
202
235
230
230
216
214
210
204
196
203
207
203
198
241
235
232
221
217
218
203
201
199
211
207
211
228
221
220
206
201
202
211
207
206
203
200
198
227
225
227
207
203
206
203
199
200
215
214
209
204
200
207
231
230
230
209
206
208
203
200
198
214
206
209
204
199
206
235
236
232
215
212
211
205
201
199
212
209
207
204
206
202
233
234
232
214
219
214
201
200
198
212
206
206
227
223
219
204
203
204
215
213
209
203
204
200
232
227
227
212
212
209
203
199
204
215
211
212
201
204
203
228
226
222
208
205
210
204
204
202
205
200
203
213
207
209
228
226
227
204
204
200
210
208
208
224
221
215
200
204
202
216
210
211
206
205
203
236
236
231
210
214
211
203
203
202
220
215
211
207
204
207
232
227
226
212
206
207
203
208
201
203
205
206
210
204
206
238
239
237
228
228
227
202
206
207
204
205
204
205
207
211
237
235
235
218
218
223
203
206
204
212
211
208
229
225
225
208
201
205
216
208
211
205
205
205
231
227
231
213
205
203
208
205
209
203
205
199
213
212
212
205
206
203
236
236
232
215
217
212
206
201
201
208
208
207
241
240
237
220
222
223
204
206
200
213
209
211
232
226
225
204
206
203
214
210
212
209
206
205
234
226
230
212
206
207
208
203
209
205
205
204
212
208
212
227
226
227
206
205
206
209
207
209
242
235
242
228
226
224
207
205
205
212
208
212
225
220
224
210
210
208
218
208
208
207
204
206
234
233
233
209
209
208
213
207
208
203
203
205
205
205
203
206
206
206
240
240
237
218
220
220
207
207
203
226
227
224
205
207
204
211
206
204
203
202
202
