Default maxiter = 1024; set to maxiter = 4096 
3388
3364
3353
2224
2282
2311
1692
1677
1678
1297
1301
1278
1070
1071
1064
875
896
893
740
771
773
676
647
674
605
612
610
534
552
537
496
504
510
466
471
458
426
441
440
400
405
404
384
391
393
361
377
374
355
347
361
337
329
325
320
317
327
306
310
318
303
304
306
292
292
297
280
287
283
275
272
273
272
276
265
262
263
251
252
250
255
246
252
251
251
245
245
240
243
243
237
237
235
234
231
232
231
237
230
225
232
231
222
225
225
218
219
220
216
219
216
222
219
212
216
215
209
212
208
210
204
208
209
204
207
208
204
206
204
200
204
201
201
199
198
198
199
199
199
193
197
194
194
192
192
198
190
192
188
190
187
192
189
186
183
189
186
185
185
185
184
183
184
183
187
181
183
184
182
179
180
180
183
186
179
178
180
179
182
183
180
178
178
175
177
180
180
177
175
177
176
178
176
176
175
174
172
176
168
176
176
172
177
176
167
175
173
172
171
169
168
172
170
169
170
169
169
169
166
169
167
163
168
169
166
167
167
165
165
167
169
165
168
167
162
166
165
164
164
162
161
163
161
160
159
162
162
162
162
160
161
165
161
159
159
157
162
160
161
159
160
158
161
159
156
161
159
160
156
158
156
158
158
157
158
158
157
157
155
156
160
157
158
157
154
154
155
158
157
153
151
155
155
152
155
155
152
155
154
154
152
151
157
152
151
154
152
151
153
152
154
152
152
150
150
150
152
151
150
151
150
152
154
150
150
150
152
148
149
151
150
148
152
149
148
150
152
149
149
147
150
147
150
149
151
149
147
150
145
148
147
147
150
147
146
147
147
151
148
147
148
147
147
148
148
148
144
144
147
146
147
146
142
143
145
144
146
147
145
147
142
142
143
143
146
145
144
143
144
141
143
142
143
143
142
140
144
144
144
144
144
144
143
140
144
142
144
141
140
139
142
140
140
140
139
140
142
140
143
140
139
141
143
140
139
140
139
138
141
142
142
136
138
136
139
142
137
142
139
137
138
141
139
140
139
136
138
139
136
137
136
139
137
139
139
136
137
137
135
136
138
136
140
137
137
137
136
137
135
138
136
134
136
136
137
133
137
134
137
137
137
137
136
136
135
135
137
134
134
136
137
136
134
136
136
135
136
135
135
133
134
135
135
134
134
135
133
134
134
134
133
134
134
132
133
135
135
134
134
132
132
133
135
134
132
134
132
132
134
132
133
130
131
134
133
132
133
132
128
131
132
132
132
129
132
131
131
130
133
134
132
134
132
131
131
130
132
131
132
131
129
130
131
131
127
132
131
129
132
130
128
131
130
130
127
129
131
130
129
131
132
129
130
130
128
131
129
129
131
127
130
129
128
128
129
128
131
127
128
129
130
129
127
129
125
127
129
129
128
129
130
124
128
126
128
123
129
124
127
129
126
127
125
129
127
126
128
126
125
128
126
126
124
129
127
125
125
128
125
123
126
123
128
123
127
127
124
125
126
125
125
122
125
126
126
124
126
122
124
124
125
124
125
126
124
127
122
124
124
125
123
126
125
124
122
125
124
123
122
124
123
122
122
122
123
122
124
123
124
125
123
122
122
124
121
122
122
122
120
124
122
122
121
122
123
122
121
122
122
120
123
120
122
122
122
123
123
122
121
122
119
122
120
121
119
122
122
122
120
121
119
121
121
120
121
119
119
122
122
117
122
121
121
120
122
118
120
122
120
122
119
121
120
118
119
120
119
120
119
121
119
121
118
118
118
120
117
121
117
120
119
120
120
119
117
120
120
120
119
120
119
121
118
119
118
118
120
117
121
120
119
118
120
116
119
117
117
119
117
117
116
117
117
117
118
119
117
119
117
116
119
117
117
117
120
120
117
118
116
117
117
117
118
118
117
117
117
117
117
117
120
117
118
116
116
117
117
117
115
118
118
119
118
116
118
117
118
115
117
117
117
118
117
117
117
116
116
117
115
115
117
118
117
117
117
116
116
115
114
119
114
117
116
115
115
117
116
115
116
115
116
115
116
115
115
116
116
116
115
114
114
116
117
115
113
115
114
118
115
115
116
113
116
116
115
116
115
115
117
114
116
116
115
116
115
116
115
114
115
116
115
114
115
115
115
114
114
115
112
115
114
115
114
116
114
113
115
115
112
115
115
114
114
115
113
115
115
114
114
115
115
115
115
115
112
114
113
114
114
113
112
115
115
115
116
115
116
115
114
115
115
114
114
113
114
116
115
113
115
114
113
116
113
112
115
113
112
114
115
113
116
114
114
112
111
115
110
113
115
115
113
111
115
113
112
115
113
114
113
113
113
113
115
112
113
113
114
112
113
113
114
113
110
113
113
113
114
112
112
113
113
110
114
110
112
114
113
114
113
113
112
111
110
113
112
110
112
115
111
112
111
112
111
112
114
113
113
114
110
109
112
109
111
112
114
111
113
111
114
112
111
112
109
111
113
112
111
112
111
110
109
112
110
110
112
112
112
112
109
114
110
111
112
109
110
112
111
109
109
110
110
110
109
109
109
111
109
109
110
109
109
113
111
110
113
113
113
109
109
109
113
109
107
113
109
110
110
110
110
110
109
109
110
111
111
111
110
110
109
109
110
109
110
110
112
109
110
108
109
109
111
108
112
110
110
108
109
110
109
110
108
110
108
107
107
110
111
109
110
109
107
108
109
110
111
109
110
109
108
107
108
107
109
108
108
108
107
107
108
107
110
108
110
109
110
107
107
107
110
108
108
110
111
107
107
109
108
108
107
108
110
109
107
112
107
110
107
108
109
107
109
110
107
106
108
107
107
108
110
108
107
107
108
108
107
107
110
108
107
108
108
108
107
108
109
107
108
108
108
109
107
109
110
106
110
107
109
107
107
108
108
106
109
108
107
108
107
107
107
108
107
106
108
110
106
108
109
107
107
110
107
107
107
108
108
107
106
108
106
105
107
106
108
106
108
110
108
107
107
107
108
105
107
108
110
105
108
105
107
106
106
106
107
105
105
107
108
106
108
107
105
106
106
107
105
106
104
105
109
107
108
106
107
107
108
105
107
105
107
105
105
105
107
106
104
105
108
108
106
105
108
105
106
109
106
105
107
104
104
106
104
106
104
104
107
106
106
104
105
106
108
107
108
104
105
108
106
105
103
105
106
106
105
104
104
104
106
105
104
106
104
104
106
104
105
106
104
105
105
104
105
106
108
105
105
106
106
105
106
107
104
103
103
106
105
104
105
103
105
105
105
106
103
105
107
105
104
103
105
106
108
105
103
104
105
106
106
106
104
106
106
105
105
105
105
104
103
107
104
105
104
104
105
106
103
103
103
105
105
104
104
104
105
106
105
103
105
106
107
104
104
103
105
103
105
104
103
105
103
105
106
105
103
105
104
103
106
106
106
103
104
105
104
105
103
106
103
103
104
103
104
105
103
104
106
103
103
103
103
104
103
103
103
103
104
104
105
103
103
105
103
106
104
105
103
105
105
103
105
105
103
103
103
104
102
103
104
105
105
106
104
104
103
104
105
103
103
103
103
103
103
102
104
104
104
103
103
105
103
104
104
103
105
102
106
105
104
103
102
103
103
103
105
104
103
103
104
103
103
103
102
103
103
103
105
103
103
103
103
103
103
103
103
102
103
103
103
102
103
103
103
102
103
102
103
103
103
102
102
103
103
103
103
103
103
103
103
103
103
103
103
103
102
102
104
102
102
103
103
103
102
103
102
102
102
103
104
102
103
102
102
102
102
105
103
101
102
102
103
103
103
101
102
104
102
103
102
102
101
104
102
102
101
103
102
103
102
103
102
104
102
102
102
102
102
103
102
103
102
101
103
102
103
102
102
102
103
102
102
104
103
102
102
102
104
102
102
102
102
102
102
103
103
103
102
101
102
103
102
102
102
103
101
104
104
102
102
102
103
102
102
103
101
102
102
102
102
102
102
102
101
102
101
102
103
102
102
102
103
102
102
102
101
102
102
101
101
102
102
103
101
102
102
102
102
101
102
102
102
102
103
102
102
103
101
102
101
102
102
102
102
102
102
104
102
102
101
101
102
102
102
102
102
101
102
102
102
101
101
101
102
102
102
103
102
102
102
101
102
102
102
102
102
102
101
102
100
101
102
102
102
102
102
101
102
102
100
102
101
102
101
101
102
102
101
102
101
101
102
102
101
103
103
101
101
101
101
102
102
102
102
101
102
102
102
100
102
102
102
102
102
102
99
102
102
102
101
102
102
102
102
100
101
100
102
102
100
101
102
102
100
102
100
102
102
100
101
102
101
101
104
102
100
101
102
102
101
102
102
101
102
102
102
102
101
100
101
102
102
100
101
101
100
102
101
102
102
102
101
102
102
101
100
102
101
102
102
102
101
101
100
100
100
99
102
100
102
101
100
100
100
101
100
100
101
101
100
100
102
101
101
102
101
102
102
102
101
101
102
100
101
101
100
101
100
102
102
102
101
101
102
101
101
101
101
102
102
102
102
102
102
100
101
100
101
100
102
102
100
101
101
100
99
100
101
102
102
100
102
102
102
102
101
99
100
102
101
101
102
101
99
102
102
102
101
100
100
101
102
102
100
101
99
99
101
102
101
102
102
101
100
100
102
98
101
102
102
101
101
102
100
100
100
100
102
101
102
102
102
100
101
100
100
100
101
101
100
100
102
101
101
100
99
100
99
100
102
101
101
100
102
102
100
99
100
99
99
99
100
100
100
99
102
100
101
100
101
101
100
100
100
102
100
101
100
101
100
98
101
99
101
100
100
99
99
100
100
100
100
100
101
100
98
99
100
99
102
100
99
98
98
100
100
102
102
101
100
100
100
100
101
100
100
100
99
99
101
100
101
100
101
99
101
100
99
100
99
100
100
101
100
100
99
100
100
101
102
101
100
100
100
100
101
100
100
100
100
100
100
98
98
100
99
98
98
100
100
100
100
101
100
102
99
100
99
99
99
100
100
100
99
99
98
98
100
98
100
100
99
101
98
99
99
99
99
100
100
98
100
100
100
99
98
100
101
99
99
99
99
100
100
99
99
100
100
100
100
99
100
100
100
98
98
98
98
100
98
100
98
100
99
98
100
98
100
98
100
100
99
100
98
98
98
97
99
98
100
98
98
99
100
100
98
100
100
100
98
99
100
98
98
99
99
99
100
100
100
99
98
100
98
100
100
98
98
99
100
101
98
98
99
98
100
99
99
97
100
99
100
99
99
100
98
100
98
99
101
100
100
100
98
98
99
98
101
98
99
100
99
99
98
98
98
100
99
97
100
99
100
98
98
98
100
98
100
100
99
99
98
98
97
98
99
99
99
98
98
100
98
97
100
98
100
99
100
98
98
99
99
98
100
99
100
101
98
97
98
100
99
100
98
97
99
99
98
100
98
98
98
98
99
98
100
98
98
100
100
97
98
98
99
98
98
98
100
97
100
98
97
99
99
100
97
98
99
98
99
98
100
99
100
98
99
98
100
100
98
100
98
98
97
99
98
98
98
99
99
98
100
97
98
98
98
101
98
98
99
100
98
98
98
99
100
99
100
99
98
100
97
98
98
97
99
98
100
100
99
98
98
98
98
97
98
98
97
98
98
98
98
97
100
98
100
98
98
97
100
100
100
98
98
99
99
98
98
98
98
97
98
100
98
96
98
98
98
98
98
98
99
98
98
98
96
98
98
96
97
98
97
98
100
98
98
98
98
97
99
99
98
98
98
98
97
99
99
97
100
99
96
97
99
98
99
97
100
99
98
98
100
98
98
97
97
99
99
96
100
100
99
98
98
98
100
100
96
98
98
99
97
98
100
98
98
98
97
100
97
98
99
98
99
96
98
99
98
98
98
98
97
96
98
96
98
99
100
98
100
97
98
97
98
98
98
98
97
98
98
99
98
98
98
99
98
98
99
98
100
100
98
100
97
97
98
98
97
98
95
98
98
99
98
97
98
98
98
97
98
98
96
98
98
96
97
95
96
98
99
97
97
98
98
100
96
98
98
97
98
98
97
97
98
97
98
97
98
98
98
98
96
97
98
99
97
99
97
97
98
98
99
98
98
99
99
97
99
97
96
96
97
96
100
98
96
98
96
98
96
97
98
95
98
96
98
98
98
97
99
98
96
98
97
98
98
97
96
97
98
95
96
98
98
96
98
98
97
98
98
98
98
98
98
98
97
96
98
98
95
99
97
97
99
99
98
96
98
98
98
98
98
98
97
98
98
98
98
97
98
98
98
98
99
98
99
97
97
98
98
98
96
98
96
98
97
98
95
95
96
97
96
96
97
96
98
97
98
98
98
98
96
98
98
97
97
97
98
96
96
97
98
97
97
98
97
96
98
97
98
98
97
97
97
98
97
98
98
98
94
96
98
98
97
98
96
96
100
99
96
96
98
98
97
98
97
97
97
96
96
97
99
95
98
96
96
99
95
97
95
98
98
98
98
98
98
97
98
98
98
98
96
97
96
98
96
98
97
95
97
98
97
98
97
97
96
96
95
97
96
96
96
96
97
96
98
98
98
98
96
96
98
95
98
96
98
96
96
97
97
98
98
95
96
96
96
97
97
98
97
98
98
98
95
96
97
95
96
96
98
94
98
97
98
96
96
98
96
96
95
96
99
98
98
98
97
99
97
95
97
98
96
96
98
98
97
98
96
95
96
98
96
96
97
95
98
95
98
96
96
98
99
96
97
96
97
96
97
96
95
97
98
97
95
96
98
96
98
98
97
97
97
95
96
96
98
98
96
99
97
97
96
98
97
96
98
96
98
97
96
96
98
96
98
97
96
96
96
96
96
99
98
95
98
95
96
98
95
97
97
97
98
96
95
95
97
96
96
97
97
97
98
96
96
96
96
97
98
98
96
97
96
97
97
95
97
98
95
95
96
96
96
96
96
96
97
96
97
96
95
98
97
95
98
96
95
98
98
95
97
97
97
97
95
98
95
98
98
96
97
98
97
95
98
96
96
97
96
96
97
96
96
95
99
96
98
95
98
96
96
97
95
96
95
96
97
98
96
96
95
96
97
96
96
95
95
98
95
96
96
95
95
96
97
96
97
96
96
95
95
96
95
97
95
98
95
96
96
95
97
95
96
96
96
98
96
96
96
95
96
97
95
97
98
95
97
96
96
95
95
97
98
96
95
97
96
95
95
95
95
95
95
98
95
95
97
96
96
99
96
95
98
96
98
95
96
96
97
96
96
95
96
96
95
95
98
97
97
96
95
96
97
94
96
97
96
95
98
96
96
96
95
96
95
95
94
95
98
98
98
96
96
96
97
96
95
95
96
96
96
95
96
96
95
95
95
95
97
95
96
95
98
95
96
96
98
96
95
96
95
98
96
98
96
96
96
96
96
96
96
96
96
98
95
95
96
95
95
95
94
98
96
98
96
95
95
96
96
96
96
96
97
96
95
95
96
96
95
95
95
95
95
96
95
94
98
95
96
96
96
96
95
96
95
96
96
98
96
95
95
96
95
95
95
97
96
96
96
97
97
96
96
96
95
95
96
95
95
95
96
97
96
95
96
95
96
95
98
94
94
98
94
96
96
96
95
96
96
96
95
95
96
95
95
96
98
95
96
96
95
95
95
96
95
95
94
96
97
96
97
96
95
98
96
95
96
96
95
96
96
95
93
95
95
96
95
95
96
95
96
96
95
96
96
96
95
93
94
99
95
98
95
97
93
97
94
96
94
95
94
93
97
96
94
94
96
96
97
95
95
94
95
95
96
93
97
94
93
96
95
95
96
96
95
95
94
96
96
94
96
97
96
96
95
97
96
97
95
94
95
96
96
95
95
95
94
93
95
97
96
96
96
94
96
96
93
94
95
95
95
95
95
96
96
95
95
93
93
93
97
96
93
95
94
96
94
95
93
93
96
96
94
96
93
93
94
96
96
95
96
94
93
95
95
95
95
95
96
95
93
95
96
96
94
96
94
94
93
93
95
95
98
93
95
94
96
95
93
96
94
96
94
95
96
96
95
93
96
95
96
96
97
96
96
95
93
94
98
94
95
93
95
95
96
96
93
94
96
93
93
93
93
96
95
96
95
96
96
95
95
96
95
93
96
94
95
93
94
93
95
93
93
93
95
96
94
95
96
94
94
94
93
96
94
94
95
96
95
95
95
93
95
94
93
96
97
94
93
95
94
94
96
93
96
94
95
93
95
95
93
96
94
96
96
96
95
95
94
93
93
94
95
96
96
94
93
96
96
95
96
95
95
96
95
95
95
94
94
96
96
95
96
95
96
95
95
95
95
94
95
96
94
95
95
96
96
94
95
96
96
93
96
95
96
96
93
95
95
93
94
94
93
97
96
95
95
96
94
94
93
95
96
94
96
95
93
95
96
95
96
93
95
95
97
94
97
96
93
96
98
96
93
94
96
95
93
95
96
94
94
93
93
96
93
93
95
95
93
94
93
95
96
94
95
96
94
95
96
94
95
93
93
94
96
96
94
94
94
95
96
96
94
96
93
96
96
94
96
95
95
94
95
95
96
96
97
93
96
94
94
93
93
96
93
93
96
94
95
93
96
94
93
93
93
95
96
95
94
94
93
93
96
96
96
96
91
94
93
95
94
94
95
94
96
93
96
93
95
96
93
96
94
93
92
94
93
95
95
94
95
95
94
95
95
95
95
93
94
96
93
94
96
96
94
93
96
94
96
96
95
96
94
93
94
94
96
93
95
95
96
96
93
95
93
94
96
96
94
93
94
94
94
96
96
93
94
94
94
94
95
94
94
94
93
93
95
93
95
93
94
95
95
95
93
95
95
93
95
94
93
94
96
95
96
93
93
93
95
95
93
95
93
93
94
97
93
96
93
95
93
95
94
94
94
95
93
94
93
93
93
93
93
94
93
96
93
96
93
96
94
94
94
96
94
93
95
94
93
94
93
95
96
95
92
95
95
93
94
94
94
94
93
94
93
94
93
94
93
93
93
95
95
94
94
95
96
95
93
96
94
96
93
96
93
94
93
93
93
93
93
94
93
95
93
93
96
93
94
94
94
95
94
94
94
94
95
94
93
93
95
96
93
92
95
98
94
95
96
95
93
95
95
96
94
93
95
93
94
93
93
96
94
93
94
92
93
93
95
94
92
93
93
93
95
93
95
93
93
93
95
95
93
96
93
97
95
93
93
93
93
93
93
93
95
93
93
95
93
94
94
94
93
93
93
95
93
95
95
93
96
93
93
93
93
94
93
94
95
94
95
93
95
93
95
93
93
93
93
94
93
93
96
93
94
93
93
93
96
94
94
94
94
95
92
94
94
94
93
94
94
94
95
93
93
94
93
93
94
93
93
94
96
93
93
93
94
96
96
95
94
94
93
94
95
93
95
93
93
95
93
94
95
94
93
94
93
94
93
92
93
95
95
94
96
96
94
94
94
93
93
95
93
93
95
94
94
93
94
94
93
93
93
94
93
93
93
92
93
93
93
93
93
96
95
94
93
93
94
94
93
95
93
94
94
94
93
92
93
94
93
93
95
93
94
94
93
93
93
92
94
93
93
94
93
93
92
92
93
93
93
93
93
93
92
93
95
96
95
93
93
93
95
93
93
93
92
96
94
93
94
94
95
93
95
94
93
95
93
94
93
94
92
92
92
93
93
93
94
95
93
93
94
92
94
92
94
94
94
95
93
93
95
93
93
93
92
94
94
94
93
93
94
95
95
93
93
93
92
93
93
93
94
92
93
93
93
95
94
93
94
93
93
93
94
93
93
93
93
93
94
93
94
95
93
92
92
93
93
93
93
93
94
95
93
94
93
95
94
93
94
93
92
92
96
94
92
92
93
93
93
94
94
93
95
95
93
93
93
94
92
93
92
94
93
93
93
93
93
93
94
94
95
93
93
94
94
94
95
94
93
93
93
94
93
94
93
92
92
93
95
92
94
93
93
94
94
92
93
92
92
93
93
94
93
94
95
93
93
93
96
94
96
93
93
93
93
93
94
93
96
94
93
93
93
94
94
95
94
93
92
92
94
93
95
93
92
93
95
94
92
94
93
93
94
93
93
95
92
93
92
93
93
94
93
92
93
94
93
93
93
93
92
95
92
93
93
94
93
96
93
93
92
93
92
93
94
93
95
93
93
93
95
94
94
93
96
94
92
93
94
93
92
93
92
93
94
93
93
93
94
95
93
94
93
95
95
92
94
94
93
93
93
92
92
93
93
93
94
94
93
93
94
93
93
93
94
93
94
92
93
92
95
94
93
93
92
94
92
93
92
93
92
92
95
95
93
94
93
93
94
94
95
92
92
93
93
94
93
94
93
95
94
95
94
92
95
94
94
91
93
93
93
93
92
92
92
93
92
94
92
94
93
93
93
92
93
93
93
93
94
94
94
91
92
94
94
94
94
92
92
95
93
93
93
93
95
93
94
93
94
93
93
94
93
93
94
92
92
93
93
93
93
93
92
94
94
94
93
92
93
93
94
95
94
92
93
92
93
92
93
92
93
94
92
94
93
93
95
93
91
95
93
93
93
94
94
92
94
94
92
92
92
92
94
92
92
93
93
93
93
93
94
93
93
93
91
96
92
93
93
93
95
92
95
93
94
92
92
93
91
92
93
92
93
95
93
94
94
92
94
92
92
92
94
92
94
93
94
92
93
94
92
93
93
92
92
93
93
92
94
92
92
92
92
92
92
92
93
92
92
92
93
94
92
93
95
96
93
94
93
94
93
92
94
93
92
92
93
94
93
92
93
94
94
93
92
94
91
92
92
94
93
92
93
92
93
94
93
92
92
94
91
91
93
92
92
93
92
94
92
94
93
94
92
94
93
94
93
93
93
92
94
92
92
93
91
93
93
92
92
93
93
92
94
93
92
92
93
94
92
92
94
92
92
94
92
93
93
92
92
95
93
92
92
92
92
93
94
93
93
92
92
92
94
94
93
94
93
93
93
92
93
92
94
92
92
92
93
93
94
93
94
94
92
93
93
94
92
92
93
91
94
92
94
93
94
94
94
91
94
93
93
94
92
94
93
94
94
95
93
94
94
93
93
92
92
93
92
93
93
94
93
92
94
92
93
94
92
93
93
92
92
93
92
94
92
94
93
93
92
93
92
93
92
92
94
92
92
93
94
93
93
92
94
92
93
94
92
93
93
94
92
92
93
93
93
92
93
93
92
91
92
92
94
93
92
92
94
94
92
94
92
92
93
92
92
92
94
92
92
93
94
92
94
93
92
92
94
92
95
92
93
94
93
92
92
94
92
92
92
92
94
94
93
92
93
94
92
91
92
92
92
92
94
93
92
93
92
92
93
93
94
93
93
92
92
94
92
92
95
92
93
94
93
92
94
94
91
94
92
94
92
92
93
93
93
93
93
92
92
92
92
93
92
92
92
94
91
93
92
92
93
92
94
93
92
93
92
93
93
92
91
92
92
93
93
92
91
92
93
92
95
93
92
92
95
92
93
92
92
92
92
91
93
92
92
94
92
92
91
93
94
91
92
92
94
92
92
93
92
93
92
91
92
93
92
92
92
92
93
92
92
94
91
93
93
93
93
94
94
92
93
92
92
92
92
93
95
92
93
93
92
91
93
92
93
93
95
92
92
92
92
94
93
93
92
92
93
93
93
93
94
92
92
92
92
92
92
94
94
94
92
94
92
92
93
92
91
92
93
93
92
94
92
93
92
92
93
92
93
92
91
92
94
92
93
92
93
92
92
93
92
93
92
94
92
92
92
93
92
93
95
91
92
93
93
92
93
92
94
93
92
92
93
92
93
94
92
92
93
94
92
94
92
93
92
95
92
93
92
92
92
93
91
94
94
93
92
93
95
93
91
92
94
93
93
92
93
94
92
92
92
92
92
92
92
93
92
93
93
92
93
93
92
92
92
92
94
92
93
92
92
95
93
92
92
91
91
91
94
92
93
93
92
94
92
92
92
92
92
92
93
92
93
93
92
93
93
93
94
93
93
93
92
92
93
92
93
92
92
93
91
93
91
94
92
92
92
91
92
92
92
95
92
93
91
92
93
93
92
93
91
92
94
92
92
92
92
92
92
94
92
93
94
93
92
92
93
93
92
92
92
92
93
94
92
92
94
92
92
91
92
92
93
94
93
94
93
92
92
92
92
94
93
92
93
92
92
92
93
92
92
93
93
94
93
94
93
92
92
91
94
93
92
92
92
93
91
92
92
92
92
92
93
92
91
92
91
93
94
92
91
92
92
92
92
92
93
93
92
93
93
92
92
92
92
92
93
92
92
92
91
91
92
92
94
93
93
92
93
92
92
92
94
92
92
91
92
92
94
92
92
92
92
92
94
92
94
93
93
93
92
94
92
92
92
92
92
92
94
92
93
93
91
92
94
92
93
92
92
93
94
91
92
93
92
92
92
92
92
92
92
92
92
93
93
93
92
92
92
92
92
92
92
91
92
94
92
93
93
92
91
92
94
92
92
92
93
91
93
92
92
92
91
92
92
93
92
92
92
92
92
92
91
93
92
91
93
91
94
92
91
94
92
91
94
94
92
92
93
92
93
92
92
92
92
92
93
92
93
92
92
92
93
93
93
92
91
92
93
92
92
92
92
92
92
91
92
93
92
93
94
94
92
93
92
92
93
91
92
92
92
92
92
92
93
92
92
91
92
93
92
92
92
93
92
92
92
91
92
92
93
92
91
92
92
91
93
92
92
93
93
91
91
91
92
92
91
91
92
92
92
92
92
91
92
93
93
92
92
94
93
92
94
92
92
92
92
93
93
92
92
92
92
92
92
92
93
93
92
92
92
93
94
94
92
93
93
92
92
92
93
92
92
91
93
93
92
91
92
94
92
92
92
93
92
92
92
94
92
91
92
92
91
93
92
92
92
92
93
92
92
91
92
94
92
92
92
92
93
93
92
92
92
92
93
92
93
92
92
94
92
92
92
92
91
92
92
91
94
92
92
93
93
92
91
94
93
93
92
92
94
92
95
92
92
92
92
93
92
94
92
92
92
92
92
92
94
92
94
93
93
94
93
91
91
94
93
92
92
92
91
92
92
94
93
92
92
92
93
92
92
91
91
92
92
92
92
92
94
92
92
94
92
92
92
92
92
93
92
92
93
94
92
92
92
94
92
92
93
92
92
91
93
91
92
92
92
92
92
92
93
92
92
92
94
92
93
92
92
92
93
92
92
92
92
92
92
91
92
91
92
92
92
93
92
93
92
91
92
92
91
93
91
93
92
92
92
92
92
91
92
92
94
91
93
93
92
93
92
92
93
92
92
92
92
92
92
94
92
92
92
91
92
92
92
91
92
92
92
91
93
92
92
91
92
92
92
92
92
92
91
92
91
93
92
92
93
92
92
92
93
92
93
94
92
93
92
92
92
94
91
92
92
92
92
92
93
93
92
92
91
91
94
92
92
91
92
92
92
92
93
92
92
94
92
92
92
92
92
94
92
92
92
91
91
91
92
92
93
92
93
93
92
92
92
94
92
92
92
93
92
91
92
92
92
92
92
92
95
92
92
92
91
92
92
92
93
92
92
91
92
93
92
92
92
93
92
92
91
92
92
93
92
92
93
92
94
92
92
92
92
92
93
91
92
93
93
92
92
92
92
92
92
92
93
93
93
92
92
92
93
94
92
92
94
93
92
92
93
94
93
92
