Default maxiter = 1024; set to maxiter = 4096 
3280
3598
3498
3286
3592
3522
3270
3605
3504
3245
3549
3515
3120
3353
3275
2503
2637
2572
1919
1939
1939
1618
1605
1629
1437
1453
1442
1351
1347
1346
1278
1273
1264
1161
1193
1167
1082
1095
1086
977
976
969
920
896
866
814
810
819
741
704
754
668
678
673
603
585
610
559
584
575
531
548
543
510
511
513
486
494
502
465
487
468
473
474
472
458
458
460
447
452
443
433
439
435
417
427
430
406
410
417
397
385
395
368
373
376
354
357
367
360
355
371
310
310
311
332
336
345
336
338
351
312
322
333
307
313
309
293
286
293
281
274
276
264
268
263
251
258
253
247
248
247
243
243
242
234
240
238
231
230
233
229
227
229
223
220
220
218
217
218
210
212
214
206
208
210
204
205
205
198
203
200
197
196
198
194
193
192
189
189
191
186
187
189
184
187
186
185
182
184
181
181
184
178
178
177
176
176
177
175
175
177
171
167
174
171
166
172
168
165
168
167
166
170
166
163
165
162
160
165
161
161
162
161
160
161
159
157
159
157
157
161
157
154
157
156
153
156
155
153
156
153
152
155
151
153
152
151
153
153
152
151
151
150
150
151
150
151
150
149
150
149
148
144
148
146
145
149
146
146
148
146
145
145
143
145
145
144
143
145
143
143
143
144
143
143
144
143
143
143
142
143
140
141
142
140
140
142
139
140
142
140
140
140
140
139
141
140
139
140
