Default maxiter = 1024; set to maxiter = 4096 
117
116
117
117
117
116
117
118
117
118
117
117
117
117
118
117
117
117
118
117
118
117
116
116
117
116
117
118
117
117
117
117
117
117
118
119
118
117
116
117
117
117
118
117
120
118
117
119
118
117
119
117
116
116
117
117
117
118
116
119
117
117
117
117
117
117
117
117
119
118
117
117
117
117
119
116
119
117
118
117
117
117
116
116
117
116
119
117
117
117
118
116
119
117
116
117
117
116
117
119
116
117
119
117
119
117
116
118
118
116
117
117
117
118
117
116
118
117
117
117
117
117
117
118
117
116
117
117
116
117
116
118
118
116
117
117
117
117
117
116
116
118
116
118
118
117
116
117
117
118
118
117
116
118
117
116
118
117
119
117
117
116
117
116
118
117
117
116
118
117
116
118
117
117
117
117
116
117
117
117
118
117
119
117
117
118
117
117
116
117
116
117
117
117
117
117
116
119
117
116
118
117
116
117
118
116
119
117
116
116
118
117
116
117
116
118
118
116
117
116
117
118
117
117
116
118
117
118
117
115
119
118
117
116
117
116
119
118
117
117
118
116
117
118
116
118
118
116
119
117
117
116
117
119
119
118
116
117
117
117
116
117
117
120
117
117
116
118
117
119
117
116
116
117
117
116
118
117
118
117
117
119
117
117
116
118
116
118
117
117
118
117
116
117
117
116
117
117
117
117
117
116
120
117
116
120
117
116
119
117
117
117
117
116
117
