Default maxiter = 1024; set to maxiter = 4096 
2756
3205
2661
2369
2393
2474
2419
2276
2293
2131
2290
2353
2028
2067
2142
2001
1925
1936
1773
1706
1640
1435
1433
1428
1206
1245
1245
1043
1103
1074
873
926
891
801
886
807
734
729
743
658
671
680
605
625
620
589
573
581
545
538
544
523
501
523
501
496
501
490
467
479
460
468
462
450
468
439
450
442
424
419
439
449
436
418
434
420
425
409
419
419
414
403
413
409
406
403
400
390
400
404
406
387
397
378
388
382
383
391
383
382
372
381
371
385
377
377
361
369
374
364
364
363
369
358
365
346
360
347
357
352
351
359
329
347
345
349
351
339
349
341
348
335
335
348
345
330
341
338
331
320
323
333
330
327
333
329
321
320
326
331
315
322
324
323
321
331
323
309
325
322
322
309
310
327
320
313
321
312
318
311
308
311
320
311
314
310
304
304
316
306
310
305
307
311
313
309
302
315
300
311
310
310
310
296
303
309
310
303
305
303
297
296
308
303
304
293
305
302
309
304
303
300
306
301
294
299
302
309
304
301
309
300
291
295
300
304
299
292
302
294
296
301
302
295
295
302
305
301
294
294
298
303
291
299
302
295
299
296
300
295
292
298
303
305
299
300
297
302
302
293
301
301
298
299
302
302
301
289
301
302
295
298
292
294
300
296
307
299
306
304
295
300
299
307
296
289
303
297
308
297
299
300
303
295
292
303
306
301
291
298
297
300
300
300
298
301
306
308
305
308
309
305
307
305
301
305
291
304
302
303
310
305
301
304
301
302
303
295
305
299
298
303
301
300
300
300
299
303
300
301
299
301
301
301
294
298
295
298
296
295
303
294
301
293
296
292
290
295
293
295
291
290
293
291
290
292
291
292
295
293
288
287
294
290
287
289
289
290
288
292
291
287
292
279
289
294
287
281
291
290
289
285
291
289
285
279
288
292
288
286
291
290
291
294
289
281
290
282
288
287
289
289
294
289
282
287
278
290
276
290
281
291
289
281
290
284
286
288
280
287
281
289
282
285
284
287
286
282
285
286
276
284
280
268
275
280
282
283
284
273
280
279
277
271
276
271
277
268
279
270
276
274
272
274
275
275
274
276
272
270
272
274
272
273
270
262
273
265
271
271
271
265
268
266
261
267
269
266
260
264
262
266
265
262
263
260
265
258
256
261
257
261
262
260
260
260
250
254
258
251
255
247
242
253
249
250
252
248
250
243
247
249
243
242
245
238
242
237
240
238
228
233
236
236
232
232
232
231
231
227
224
227
224
219
224
221
221
222
221
219
220
219
215
213
217
211
214
213
206
206
209
206
207
205
202
207
207
206
203
199
201
203
200
191
199
197
196
197
197
195
193
188
192
193
190
195
184
184
188
192
190
183
188
188
185
182
185
175
181
179
179
177
179
179
178
179
170
177
170
172
172
173
166
168
174
167
166
170
169
166
168
166
165
165
159
163
167
160
168
161
163
164
161
160
156
156
157
158
159
162
158
158
156
156
155
154
155
157
157
150
155
157
157
152
151
152
150
149
153
154
152
152
152
149
149
149
150
151
148
144
147
148
148
147
147
149
150
147
143
146
146
144
146
148
145
148
147
147
146
148
144
145
145
144
145
142
141
141
142
140
143
144
142
144
144
138
142
143
141
138
141
141
142
139
144
142
141
139
141
138
139
136
140
142
141
138
136
140
140
139
135
128
135
137
133
131
130
131
136
133
135
135
133
133
134
138
134
132
134
135
134
130
132
130
136
131
135
132
131
130
132
133
127
132
131
128
130
130
129
131
130
131
126
124
131
131
130
130
130
129
129
127
129
128
128
127
128
128
128
126
128
128
127
128
128
125
125
127
129
125
126
125
127
126
123
124
124
125
125
126
125
125
123
125
125
124
123
125
125
123
126
124
123
125
120
125
123
123
123
125
123
124
123
121
122
120
122
123
124
121
121
122
123
123
125
123
124
122
120
122
122
123
119
117
120
122
120
122
122
121
120
117
122
121
118
121
119
121
120
118
121
120
117
122
120
121
120
121
120
121
117
117
114
119
119
120
117
119
119
117
118
120
117
119
117
119
117
118
114
116
116
119
119
114
115
116
117
118
117
118
118
117
118
116
117
115
115
114
117
118
114
118
118
114
117
113
114
114
115
117
115
112
117
112
114
116
113
116
114
116
118
113
114
114
111
111
113
115
117
109
114
114
113
113
114
113
111
113
114
114
112
114
111
110
111
114
111
113
113
112
111
114
113
110
114
112
111
114
109
112
111
111
110
109
113
111
112
110
108
110
111
109
108
110
109
111
109
109
111
111
109
111
110
111
110
108
109
108
112
108
112
109
110
111
109
109
109
109
109
109
108
109
110
109
108
108
109
110
108
108
109
109
108
110
109
109
110
108
107
111
109
109
108
108
108
108
108
107
106
108
108
109
106
108
106
108
106
106
109
108
108
108
106
108
108
108
108
106
108
108
108
109
108
106
108
108
108
108
108
108
108
108
108
108
106
106
108
108
107
108
108
106
107
108
106
108
107
105
107
106
108
108
107
106
104
106
107
106
106
106
106
106
106
106
106
108
104
104
107
105
106
107
106
106
106
106
106
106
107
106
106
107
107
106
106
108
107
106
106
106
106
108
107
106
106
106
106
106
106
106
106
106
106
106
107
106
106
106
104
104
106
106
105
106
105
105
106
103
105
104
105
106
106
101
105
104
104
104
106
105
101
106
104
106
103
103
105
103
106
106
104
103
103
104
105
106
103
104
104
103
104
104
105
104
105
104
104
105
106
101
106
105
104
104
105
104
105
105
102
101
103
104
104
105
104
104
101
101
104
104
104
105
104
102
105
102
101
104
103
99
102
102
102
102
105
102
105
102
105
100
103
103
102
101
101
100
104
102
104
103
104
104
101
100
105
101
102
101
102
103
100
104
102
104
101
100
102
102
100
103
104
100
101
103
101
102
101
102
99
101
101
99
101
100
103
101
100
100
101
101
98
100
101
99
100
101
101
100
103
102
102
100
101
102
101
103
99
102
101
102
100
100
101
100
102
100
100
100
101
102
100
101
100
99
101
99
99
101
100
100
100
100
101
102
101
101
99
101
100
101
99
99
100
98
99
102
101
101
101
99
99
100
100
100
100
100
99
100
99
100
102
99
102
97
100
99
100
101
99
100
99
97
99
101
98
100
100
98
99
100
99
100
99
99
99
99
100
99
96
97
100
99
98
100
100
100
100
100
100
100
98
99
100
101
98
99
99
100
98
99
100
100
100
99
100
98
98
100
100
99
100
98
99
100
99
100
97
98
99
100
100
100
100
100
98
100
99
100
99
97
99
98
100
100
98
100
99
99
98
97
99
98
98
99
98
100
99
99
97
99
100
97
96
100
98
100
99
99
98
99
99
98
100
99
98
98
98
98
98
98
99
97
98
97
97
99
99
100
98
99
98
98
96
99
97
96
98
100
98
97
98
100
98
98
98
96
96
99
97
96
98
96
98
98
97
98
96
98
98
98
98
95
97
100
97
99
96
99
98
95
97
97
99
96
98
97
97
98
97
98
98
97
97
97
98
97
98
98
98
98
97
98
95
99
96
98
98
96
96
98
98
98
96
99
98
95
98
98
96
98
98
96
95
96
97
98
97
96
96
94
97
98
96
97
96
96
97
96
96
97
96
95
96
94
96
96
96
98
96
97
98
97
97
96
96
96
96
96
95
98
98
97
96
98
94
96
96
96
97
97
96
98
96
96
97
97
97
97
96
96
98
96
95
95
96
96
96
96
94
97
96
98
95
96
98
96
94
97
95
96
96
96
96
96
96
95
95
97
96
96
96
95
96
94
95
96
97
95
96
95
95
96
96
95
98
96
93
93
95
96
94
96
96
95
96
96
94
96
95
95
95
95
95
95
95
95
94
94
96
95
96
95
97
95
95
94
95
94
96
95
95
96
94
96
93
98
95
95
93
94
95
95
95
96
95
94
94
93
94
96
93
95
96
96
94
96
95
93
94
96
93
96
97
94
96
94
95
95
96
92
94
95
93
95
96
96
96
95
94
96
94
97
95
96
94
94
95
94
93
96
93
94
95
96
94
95
97
95
95
95
93
95
95
94
93
93
93
96
94
96
93
96
93
96
95
94
95
96
94
95
95
95
93
96
96
96
95
94
91
94
94
95
96
96
93
94
94
94
94
94
93
95
94
95
94
95
93
93
95
94
93
94
94
94
95
94
94
95
93
93
94
96
93
95
96
93
93
92
94
95
93
95
95
96
96
94
93
93
94
94
93
93
92
93
93
94
92
94
95
93
93
95
95
93
94
93
91
96
93
93
92
93
95
93
94
92
93
94
93
93
95
95
93
93
93
96
94
95
95
94
94
93
95
94
94
94
93
93
94
96
93
94
96
93
92
93
93
94
92
94
93
92
93
92
94
94
94
92
93
94
93
92
94
94
94
92
94
96
93
95
94
95
93
92
94
94
96
91
93
92
94
93
93
92
94
93
92
93
90
92
93
92
92
92
92
94
93
92
94
94
93
92
92
93
91
92
94
93
94
92
94
94
92
92
93
93
93
94
94
93
93
93
94
94
93
95
92
92
92
91
94
92
91
93
93
96
92
92
92
94
92
91
93
93
93
92
93
92
93
92
93
92
92
93
93
91
94
92
92
93
92
92
92
94
94
92
91
92
92
93
92
94
92
92
92
93
92
91
93
92
92
94
94
91
91
93
94
92
93
92
92
93
93
92
92
92
92
92
92
92
92
92
91
93
92
92
92
92
92
93
91
92
92
96
92
94
94
92
94
93
92
93
92
91
92
94
92
92
92
92
93
94
94
92
92
90
94
91
91
93
92
94
91
88
90
92
89
92
93
92
91
93
91
91
93
92
91
95
92
90
91
92
91
92
92
92
91
92
90
93
92
92
91
93
92
91
92
92
91
93
91
92
93
92
91
92
91
92
91
92
93
92
91
92
89
91
92
92
92
92
92
92
91
92
92
92
91
93
91
92
92
92
92
92
91
91
91
92
92
92
92
92
91
92
90
92
92
91
90
90
92
92
92
89
92
92
92
92
92
92
93
91
91
92
92
90
91
94
92
92
91
92
92
91
92
92
92
91
92
92
90
92
93
91
92
90
92
91
90
93
93
91
89
91
92
90
91
92
90
91
92
92
92
92
91
92
91
90
90
91
90
91
92
92
92
92
92
91
91
91
90
92
91
91
91
92
92
91
91
92
92
91
92
90
92
89
91
92
92
91
92
91
89
91
90
92
91
91
92
92
91
91
92
92
91
91
92
91
90
91
92
89
91
90
92
91
90
90
92
90
92
91
92
92
92
91
89
92
90
89
92
91
92
90
92
91
90
90
91
90
92
91
90
90
90
91
91
90
90
90
91
92
90
92
91
90
90
89
92
89
89
92
91
91
92
91
90
91
92
90
92
89
91
92
90
90
91
89
92
90
90
91
89
89
92
92
91
92
91
92
91
90
92
92
92
90
92
90
92
90
90
92
90
90
92
91
91
90
91
89
91
91
92
92
90
89
91
90
90
91
89
92
90
90
92
92
92
92
91
90
90
90
90
89
91
92
91
89
90
91
90
90
90
91
92
92
89
91
90
90
89
89
91
89
92
90
89
90
89
91
91
92
89
90
91
92
90
92
90
91
92
91
92
89
92
92
91
90
91
89
92
89
92
90
90
92
91
90
90
90
90
92
91
92
90
91
89
89
88
89
90
90
92
91
91
92
92
88
89
89
90
90
90
91
90
89
89
90
89
92
92
92
91
92
89
91
89
89
89
90
89
89
90
90
91
90
90
90
91
89
89
90
89
90
89
90
90
90
90
92
89
90
90
89
90
91
88
90
91
90
90
92
91
91
90
89
91
90
89
89
91
89
89
90
91
89
90
90
89
91
90
90
89
90
90
90
89
91
90
89
90
92
91
91
90
90
92
90
89
90
90
90
91
90
89
88
91
92
89
90
90
89
92
90
90
90
89
89
90
90
90
88
90
88
90
90
91
90
90
90
90
90
90
89
90
88
90
89
91
89
89
90
89
90
89
90
90
91
89
90
89
90
89
91
89
91
89
90
89
89
90
88
92
90
91
90
89
90
89
88
92
89
88
89
90
89
89
89
89
91
90
90
89
91
88
89
90
91
91
92
92
89
90
90
90
89
90
90
90
89
90
90
90
89
90
92
90
90
90
90
89
90
89
90
89
89
91
90
90
88
89
90
92
91
88
89
90
89
89
90
90
90
90
90
89
90
89
89
89
89
90
90
88
90
90
90
90
89
91
90
88
90
91
90
89
89
89
90
89
90
89
90
90
88
90
89
89
89
90
91
88
90
90
90
90
90
90
87
90
90
89
89
89
89
90
89
88
89
88
91
89
89
90
88
89
90
91
87
89
87
91
90
88
89
89
89
89
91
89
90
88
89
90
90
88
89
89
89
87
91
90
89
88
89
91
89
90
89
89
90
91
89
90
89
89
92
90
89
87
90
90
89
89
88
90
89
90
89
90
90
88
87
90
89
90
91
90
90
91
88
90
89
90
90
88
90
90
90
89
90
89
89
89
88
89
89
88
89
90
90
89
89
90
89
89
90
88
89
91
90
90
90
90
90
89
88
89
90
88
91
89
88
88
89
90
88
88
90
90
89
87
90
89
88
91
89
90
89
89
91
88
88
90
89
90
89
88
87
89
90
90
89
88
90
88
90
89
90
89
89
87
89
89
89
88
89
89
90
88
89
90
89
89
90
89
90
90
88
90
89
90
89
89
91
90
90
89
89
90
87
87
88
89
89
88
90
90
90
89
89
90
88
89
89
90
88
88
90
89
89
