Default maxiter = 1024; set to maxiter = 4096 
2643
2831
2588
2140
2079
2268
2021
1965
2078
1714
1776
1771
1498
1479
1463
1260
1201
1179
961
928
1102
851
831
858
743
748
758
688
681
656
607
598
598
569
561
557
516
524
531
495
495
500
471
478
477
470
460
467
455
449
450
452
443
442
436
440
426
428
432
429
422
425
419
419
427
415
418
410
417
413
412
414
408
411
406
403
405
403
401
397
400
393
399
384
384
395
402
385
383
383
371
374
373
377
379
379
369
377
377
375
366
371
369
371
373
357
366
366
371
360
379
350
361
360
367
355
354
351
346
358
359
353
355
347
348
352
350
346
350
348
342
352
343
340
340
332
341
345
348
338
331
345
330
345
330
337
345
333
322
336
337
339
339
338
339
331
321
338
336
315
331
321
321
309
328
334
327
332
329
321
318
319
324
326
321
321
324
321
326
322
319
324
321
314
309
307
319
320
310
319
318
308
312
311
317
312
311
316
318
309
311
308
309
318
311
302
311
298
306
298
310
312
305
305
305
310
300
309
298
305
304
305
303
299
297
299
302
288
301
297
301
294
299
303
297
299
297
281
299
286
294
296
286
295
294
294
294
292
286
286
295
279
290
288
289
278
290
285
285
288
285
279
288
281
284
291
278
286
288
287
281
280
284
276
279
280
282
281
282
275
274
280
276
275
283
280
278
282
273
283
278
270
272
273
272
274
273
270
274
273
273
272
272
264
267
273
262
269
270
260
267
272
266
265
269
267
259
257
260
263
261
260
253
257
262
258
263
259
259
253
254
258
260
244
247
256
246
253
245
248
249
253
248
252
241
248
246
240
239
247
239
244
241
249
236
243
233
237
240
240
237
236
236
234
231
236
226
230
230
226
231
228
227
222
224
215
220
219
221
219
215
216
215
213
209
209
210
208
214
211
205
207
209
202
206
201
202
201
199
202
198
202
198
204
194
194
198
199
196
192
192
192
194
192
191
185
191
186
191
189
186
187
189
189
186
183
183
183
187
186
184
171
180
178
182
183
181
175
174
177
177
175
170
173
167
173
171
167
170
169
169
161
166
166
162
167
163
166
164
161
163
163
163
167
162
159
162
165
159
158
157
159
159
160
156
157
160
156
155
158
158
154
155
150
155
154
153
155
156
149
152
155
151
154
149
152
150
147
151
152
148
148
151
151
149
148
151
145
148
145
147
145
147
148
146
146
146
145
146
147
144
144
144
144
147
142
143
144
140
143
143
145
139
145
137
142
136
143
139
143
139
142
141
140
142
143
142
137
139
142
141
140
139
140
136
139
139
140
136
136
135
138
133
136
138
136
135
135
132
132
136
134
136
134
136
134
134
132
134
129
135
133
130
134
128
133
132
133
130
133
128
128
129
132
132
131
132
134
132
127
127
132
129
130
129
128
126
128
129
127
126
130
128
128
127
128
127
124
124
125
126
127
124
126
126
126
123
126
125
126
127
128
126
127
125
125
123
124
126
124
124
124
122
124
123
122
123
125
124
124
126
124
124
125
124
124
124
119
124
123
122
124
123
122
119
123
124
123
122
121
124
120
121
124
124
122
123
121
123
122
122
122
120
122
121
119
118
120
120
119
121
122
118
119
122
121
121
120
119
118
119
119
119
120
119
121
116
121
118
119
119
116
119
119
117
119
120
119
117
119
117
116
115
114
117
116
118
117
113
118
117
117
117
117
116
116
117
115
115
116
117
115
113
113
115
115
116
113
116
113
115
119
113
114
115
114
112
113
115
110
113
111
113
113
113
113
108
112
113
112
113
110
115
114
108
113
113
111
112
113
113
113
113
113
110
114
111
111
111
113
113
111
109
112
113
112
108
111
108
110
114
107
111
113
111
110
111
109
111
107
111
108
111
111
108
111
111
108
109
109
110
108
108
112
108
108
108
107
109
108
108
107
107
108
109
108
107
111
108
108
108
110
108
108
107
108
107
107
107
108
106
108
108
108
108
107
108
107
108
108
107
108
109
107
108
105
108
108
107
109
108
107
107
107
105
106
108
106
107
107
107
106
107
107
106
106
106
106
106
105
104
106
106
107
105
107
106
105
105
105
105
107
107
104
107
104
106
107
105
106
105
104
105
107
105
105
107
105
105
106
105
105
104
105
105
104
105
105
105
105
104
105
105
105
103
105
105
104
105
104
105
105
105
105
101
105
104
105
105
104
106
105
105
106
101
103
104
104
105
104
104
105
105
105
104
105
105
102
104
104
103
102
105
105
103
101
105
103
103
104
102
104
100
103
105
103
103
102
104
101
104
103
102
102
101
101
104
101
100
104
101
103
105
102
103
103
104
102
99
104
104
104
102
104
102
104
102
105
104
104
103
101
103
104
103
102
102
101
105
103
102
101
104
99
102
101
103
103
101
102
102
100
96
100
104
104
102
101
102
103
103
100
101
100
99
101
99
103
100
100
101
101
101
101
100
101
103
101
100
101
99
100
98
97
103
101
100
103
102
99
98
101
101
98
100
100
103
102
100
100
102
100
99
100
99
101
100
101
100
100
100
99
101
101
100
99
100
98
98
99
101
99
101
99
101
101
101
101
100
100
99
98
99
100
99
100
102
99
99
99
99
99
103
99
98
98
100
101
99
99
98
98
99
100
98
100
100
99
99
101
98
98
98
98
100
100
99
101
96
98
99
98
99
99
100
98
98
98
99
99
100
97
100
99
101
98
98
99
100
99
98
98
99
99
100
99
99
96
98
98
98
101
98
98
99
99
100
99
99
101
99
99
99
97
98
99
99
98
97
98
99
98
98
99
99
98
98
98
99
99
96
96
98
99
98
95
99
98
98
98
98
97
99
98
96
98
99
97
98
98
98
99
99
99
98
98
96
96
99
99
98
95
99
96
99
97
96
96
97
96
96
97
98
98
99
97
98
97
95
96
97
98
98
96
99
98
96
96
96
97
98
97
97
95
95
96
96
97
99
96
98
96
98
97
96
95
97
96
96
96
95
96
96
98
96
97
97
96
98
96
97
96
97
96
96
96
98
98
98
95
94
96
97
95
98
96
96
96
96
95
96
97
96
96
97
97
96
95
97
99
96
97
96
96
94
99
96
96
96
96
96
96
97
97
96
94
96
96
96
97
94
98
93
95
96
95
94
97
96
96
94
96
96
94
96
95
96
96
96
95
96
96
95
96
96
95
98
95
94
96
94
95
96
97
94
96
97
95
96
95
94
95
94
94
95
95
96
96
95
96
96
96
95
95
96
92
96
94
95
95
96
94
96
95
96
97
96
94
96
95
94
95
97
96
97
96
97
94
98
96
94
93
93
95
94
95
96
96
95
96
96
96
96
95
96
95
96
95
94
96
95
94
95
96
94
95
95
97
96
96
94
95
96
96
96
96
95
95
95
96
94
95
96
95
95
95
94
94
95
96
95
95
96
94
97
93
94
95
95
95
96
95
96
95
95
95
94
93
94
96
96
96
94
96
95
95
95
94
95
95
95
93
96
97
93
95
94
95
93
96
95
94
95
94
94
94
94
94
95
92
94
92
94
95
94
94
93
96
94
94
94
94
95
92
94
94
95
94
94
96
94
93
93
92
94
92
94
94
94
92
93
96
95
94
95
92
93
96
95
94
94
95
94
93
94
95
95
95
94
93
94
94
94
94
94
95
94
95
93
92
94
93
94
93
95
95
92
94
95
94
95
93
94
94
93
94
92
95
92
94
93
93
94
92
94
95
94
92
94
92
94
95
93
95
94
92
95
92
93
94
94
93
93
94
92
93
94
94
95
91
93
92
94
95
94
94
94
93
95
95
94
91
93
92
93
94
94
93
92
92
94
94
92
95
94
92
94
93
93
93
93
92
92
93
92
95
94
92
93
94
92
94
92
91
92
93
93
92
94
93
91
92
93
93
93
93
92
94
94
95
92
92
94
92
95
92
92
94
94
92
93
93
92
93
92
92
92
92
92
93
91
92
93
92
92
92
92
92
93
93
94
92
92
95
94
93
93
92
92
92
93
93
93
96
92
93
94
92
94
91
92
93
91
92
92
91
92
92
93
93
92
93
93
94
93
94
92
94
94
93
94
93
92
94
94
92
93
92
92
93
93
92
93
92
93
92
92
94
93
92
92
92
93
93
91
92
91
93
93
92
92
92
92
93
92
92
91
94
91
90
91
90
93
93
92
92
92
92
93
92
90
92
92
92
92
94
92
92
93
93
93
92
93
93
92
93
92
91
92
92
92
92
93
90
92
92
93
91
92
93
92
91
91
90
90
92
93
91
91
91
92
92
92
92
92
94
94
94
92
91
91
92
90
92
92
93
92
92
91
92
93
92
93
92
90
91
93
93
93
94
92
92
92
94
90
93
92
92
91
93
92
92
91
92
92
93
93
92
92
92
90
92
91
94
92
91
91
93
92
92
91
92
90
92
92
92
92
93
89
93
91
92
92
91
90
93
93
92
93
94
91
93
92
90
92
93
92
93
92
90
92
89
92
92
92
92
90
93
91
91
90
92
91
92
93
91
93
91
91
91
91
92
93
90
92
92
91
91
91
91
92
90
89
91
92
92
90
90
91
91
91
92
92
92
92
91
92
93
92
92
93
92
92
92
90
91
92
95
92
92
92
92
92
91
91
92
91
92
92
92
92
91
92
91
91
93
91
90
90
90
92
90
92
92
92
91
91
91
90
92
90
93
92
92
91
92
92
92
92
91
91
90
91
92
90
92
90
91
92
93
93
93
91
92
91
92
91
90
91
90
92
91
91
93
92
91
90
91
90
91
92
92
92
90
92
93
91
91
92
93
91
92
92
90
90
92
91
91
91
91
90
90
90
90
93
91
92
93
91
90
90
90
90
92
92
89
93
91
92
92
89
90
91
90
92
88
92
90
92
90
89
91
92
91
91
92
91
92
91
92
90
92
89
91
90
90
91
92
91
90
90
90
91
92
91
93
90
91
92
91
91
91
91
92
90
93
92
90
88
92
89
90
90
90
92
92
91
92
91
91
92
93
91
91
92
92
93
91
89
90
93
90
89
92
91
91
90
90
89
91
90
92
90
92
91
91
90
89
91
90
91
92
91
90
92
88
90
90
89
90
90
90
90
91
91
92
91
91
90
91
90
90
90
91
91
90
91
89
91
90
91
91
90
90
89
91
91
91
90
91
89
91
89
90
89
90
89
91
88
91
90
91
90
92
89
91
91
90
91
88
91
88
91
89
89
91
92
90
89
91
90
92
91
89
90
90
91
90
90
90
92
88
91
89
91
90
89
92
89
92
91
89
91
92
91
89
88
91
91
92
91
90
92
90
92
90
88
89
90
92
90
91
90
92
91
91
91
91
90
90
90
90
92
91
89
92
90
89
91
91
91
90
90
90
92
91
89
91
90
90
91
90
91
89
91
90
90
91
90
91
89
90
91
92
91
90
90
89
90
90
90
91
91
91
90
88
93
90
89
90
90
91
90
91
91
89
91
90
91
91
90
91
89
91
91
92
91
91
90
91
89
90
91
91
92
92
90
89
91
91
90
90
90
89
91
90
89
91
91
91
90
90
91
90
91
91
90
89
90
90
89
91
91
91
91
91
90
89
89
90
90
90
91
90
91
90
88
89
90
91
90
89
91
90
92
90
89
89
90
89
91
90
89
91
91
91
89
91
91
90
89
88
90
89
90
89
91
90
89
92
90
91
91
91
89
90
90
91
89
89
89
89
90
91
91
90
89
91
88
88
90
92
89
90
89
90
90
90
89
89
91
90
91
89
89
89
90
91
90
91
90
91
90
92
89
89
90
91
91
91
89
89
91
90
91
91
86
91
90
89
88
91
92
90
91
88
88
91
90
90
89
92
89
90
89
91
92
92
90
90
90
91
90
90
91
91
90
91
89
90
89
89
91
89
90
89
91
91
90
91
89
89
90
90
91
89
90
90
90
89
89
89
91
88
89
89
89
90
91
90
91
91
88
89
91
90
91
90
92
91
90
90
89
91
89
90
91
89
91
90
89
91
90
91
90
90
91
89
90
89
90
89
89
89
90
89
88
91
91
92
89
89
91
88
91
90
88
89
90
92
87
90
90
89
89
91
89
91
90
90
89
91
90
90
88
88
90
89
89
89
90
91
90
90
90
89
90
88
90
91
90
91
90
89
91
91
90
90
90
90
89
89
91
89
89
89
87
90
88
91
88
91
88
91
89
90
90
89
89
90
89
91
88
89
90
90
91
89
91
91
91
90
88
90
90
88
89
90
88
89
90
90
89
90
91
88
89
90
91
89
90
89
91
90
91
90
91
89
91
91
89
91
90
90
87
91
91
90
89
89
89
91
89
91
91
91
88
89
91
90
90
90
91
90
91
90
91
90
89
91
89
88
91
87
88
89
90
90
91
88
89
91
89
90
89
91
87
88
88
89
88
87
89
90
89
91
87
91
89
89
89
89
90
87
88
91
90
90
91
90
89
88
89
89
88
88
88
90
89
89
88
89
88
87
89
89
89
90
90
90
89
89
89
91
91
87
91
90
89
89
90
88
88
90
88
90
90
89
91
91
90
90
90
89
91
89
89
89
88
90
90
92
90
88
91
89
91
89
89
89
90
91
90
91
89
91
90
88
89
88
90
90
89
90
89
88
91
90
89
88
90
88
90
90
90
88
90
88
89
89
90
89
87
91
90
90
90
88
89
89
91
89
90
89
90
89
91
89
89
88
91
88
88
87
89
89
90
89
86
88
88
90
89
89
90
90
91
89
90
89
88
88
87
90
89
91
89
91
89
89
90
91
91
90
90
88
90
91
89
89
90
90
91
90
87
91
89
90
90
88
90
88
90
87
89
90
90
88
91
89
