Default maxiter = 1024; set to maxiter = 4096 
322
281
318
297
305
310
309
288
333
344
379
341
358
390
360
362
352
387
357
336
386
394
470
462
393
516
442
589
498
560
623
1070
554
747
565
602
616
583
570
633
595
613
534
587
600
599
582
573
706
620
586
748
591
565
624
547
588
544
559
549
564
512
575
593
569
699
591
547
497
616
554
695
589
498
560
634
537
550
589
498
560
634
537
550
589
498
560
634
537
550
589
498
560
634
537
550
589
498
560
634
537
550
589
498
560
634
537
550
589
498
560
634
537
550
589
498
560
634
537
550
589
498
560
634
537
550
589
498
560
634
537
550
589
498
560
634
537
550
589
498
560
634
537
550
589
498
560
634
537
550
589
498
560
634
537
550
589
498
560
634
537
550
589
498
560
634
537
550
589
498
560
634
537
550
589
498
560
634
537
550
589
498
560
634
537
550
589
498
560
634
537
550
589
498
560
634
537
550
589
498
560
634
537
550
589
498
560
634
537
550
589
498
560
634
537
550
589
498
560
634
537
550
589
498
560
634
537
550
589
498
560
634
537
550
589
498
560
634
537
550
589
498
560
634
537
550
589
498
560
634
537
550
589
498
560
634
537
550
589
498
560
634
537
550
589
498
560
634
537
550
589
498
560
634
537
550
589
498
560
634
537
550
589
498
560
634
537
550
589
498
560
634
537
550
589
498
560
634
537
550
589
498
560
634
537
550
589
498
560
634
537
550
589
498
560
634
537
550
589
498
560
634
537
550
589
498
560
634
537
550
589
498
560
634
537
550
589
498
560
634
537
550
589
498
560
634
537
550
589
498
560
634
537
550
589
498
560
634
537
550
589
498
560
634
537
550
589
498
560
634
537
550
589
498
560
634
537
550
589
498
560
634
537
550
589
498
560
634
537
550
589
498
560
634
537
550
589
498
560
634
537
550
589
498
560
634
537
550
589
498
560
634
537
550
589
498
560
634
537
550
589
498
560
634
537
550
589
498
560
634
537
550
589
498
560
634
537
550
589
498
560
634
537
550
589
498
560
634
537
550
589
498
560
634
537
550
589
498
560
634
537
550
589
498
560
634
537
550
589
498
560
634
537
550
589
498
560
634
537
550
589
498
560
634
537
550
589
498
560
634
537
550
589
498
560
634
537
550
589
498
560
634
537
550
589
498
560
634
537
550
589
498
560
634
537
550
589
498
560
634
537
550
589
498
560
634
537
550
589
498
560
634
537
550
589
498
560
634
537
550
589
498
560
634
537
550
589
498
560
634
537
550
589
498
560
634
537
550
589
498
560
634
537
550
589
498
560
634
537
550
589
498
560
634
537
550
589
498
560
634
537
550
589
498
560
634
537
550
589
498
560
634
537
550
589
498
560
634
537
550
589
498
560
634
537
550
589
498
560
634
537
550
589
498
560
634
537
550
589
498
560
634
537
550
589
498
560
634
537
550
589
498
560
634
537
550
589
498
560
634
537
550
589
498
560
634
537
550
589
498
560
634
537
550
589
498
560
634
537
550
589
498
560
634
537
550
589
498
560
634
537
550
589
498
560
634
537
550
589
498
560
634
537
550
589
498
560
634
537
550
589
498
560
634
537
550
589
498
560
634
537
550
589
498
560
634
537
550
589
498
560
634
537
550
589
498
560
634
537
550
589
498
560
634
537
550
589
498
560
634
537
550
589
498
560
634
537
550
589
498
560
634
537
550
589
498
560
634
537
550
589
498
560
634
537
550
589
498
560
634
537
550
589
498
560
634
537
550
589
498
560
634
537
550
589
498
560
634
537
550
589
498
560
634
537
550
589
498
560
634
537
550
589
498
560
634
537
550
589
498
560
634
537
550
589
498
560
634
537
550
589
498
560
634
537
550
589
498
560
634
537
550
589
498
560
634
537
550
589
498
560
634
537
550
589
498
560
634
537
550
589
498
560
634
537
550
589
498
560
634
537
550
589
498
560
634
537
550
589
498
560
634
537
550
589
498
560
634
537
550
589
498
560
634
537
550
589
498
560
634
537
550
589
498
560
634
537
550
589
498
560
634
537
550
589
498
560
634
537
550
589
498
560
634
537
550
589
498
560
634
537
550
589
498
560
634
537
550
589
498
560
634
537
550
589
498
560
634
537
550
589
498
560
634
537
550
589
498
560
634
537
550
589
498
560
634
537
550
589
498
560
634
537
550
589
498
560
634
537
550
589
498
560
634
537
550
589
498
560
634
537
550
589
498
560
634
537
550
589
498
560
634
537
550
589
498
560
634
537
550
589
498
560
634
537
550
589
498
560
634
537
550
589
498
560
634
537
550
589
498
560
634
537
550
589
498
560
634
537
550
589
498
560
634
537
550
589
498
560
634
537
550
589
498
560
634
537
550
589
498
560
634
537
550
589
498
560
634
537
550
589
498
560
634
537
550
589
498
560
634
537
550
589
498
560
634
537
550
589
498
560
634
537
550
589
498
560
634
537
550
589
498
560
634
537
550
589
498
560
634
537
550
589
498
560
634
537
550
589
498
560
634
537
550
589
498
560
634
537
550
589
498
560
634
537
550
589
498
560
634
537
550
589
498
560
634
537
550
589
498
560
634
537
550
589
498
560
634
537
550
589
498
560
634
537
550
589
498
560
634
537
550
589
498
560
634
537
550
589
498
560
634
537
550
589
498
560
634
537
550
589
498
560
634
537
550
589
498
560
634
537
550
589
498
560
634
537
550
589
498
560
634
537
550
589
498
560
634
537
550
589
498
560
634
537
550
589
498
560
634
537
550
589
498
560
634
537
550
589
498
560
634
537
550
589
498
560
634
537
550
589
498
560
634
537
550
589
498
560
634
537
550
589
498
560
634
537
550
589
498
560
634
537
550
589
498
560
634
537
550
589
498
560
634
537
550
589
498
560
634
537
550
589
498
560
634
537
550
589
498
560
634
537
550
589
498
560
634
537
550
589
498
560
634
537
550
589
498
560
634
537
550
589
498
560
634
537
550
589
498
560
634
537
550
589
498
560
634
537
550
589
498
560
634
537
550
589
498
560
634
537
550
589
498
560
634
537
550
589
498
560
634
537
550
589
498
560
634
537
550
589
498
560
634
537
550
589
498
560
634
537
550
589
498
560
634
537
550
589
498
560
634
537
550
589
498
560
634
537
550
589
498
560
634
537
550
589
498
560
634
537
550
589
498
560
634
537
550
589
498
560
634
537
550
589
498
560
634
537
550
589
498
560
634
537
550
589
498
560
634
537
550
589
498
560
634
537
550
589
498
560
634
537
550
589
498
560
634
537
550
589
498
560
634
537
550
589
498
560
634
537
550
589
498
560
634
537
550
589
498
560
634
537
550
589
498
560
634
537
550
589
498
560
634
537
550
589
498
560
634
537
550
589
498
560
634
537
550
589
498
560
634
537
550
589
498
560
634
537
550
589
498
560
634
537
550
589
498
560
634
537
550
589
498
560
634
537
550
589
498
560
634
537
550
589
498
560
634
537
550
589
498
560
634
537
550
589
498
560
634
537
550
589
498
560
634
537
550
589
498
560
634
537
550
589
498
560
634
537
550
589
498
560
634
537
550
589
498
560
634
537
550
589
498
560
634
537
550
589
498
560
634
537
550
589
498
560
634
537
550
589
498
560
634
537
550
589
498
560
634
537
550
589
498
560
634
537
550
589
498
560
634
537
550
589
498
560
634
537
550
589
498
560
634
537
550
589
498
560
634
537
550
589
498
560
634
537
550
589
498
560
634
537
550
589
498
560
634
537
550
589
498
560
634
537
550
589
498
560
634
537
550
589
498
560
634
537
550
589
498
560
634
537
550
589
498
560
634
537
550
589
498
560
634
537
550
589
498
560
634
537
550
589
498
560
634
537
550
589
498
560
634
537
550
589
498
560
634
537
550
589
498
560
634
537
550
589
498
560
634
537
550
589
498
560
634
537
550
589
498
560
634
537
550
589
498
560
634
537
550
589
498
560
634
537
550
589
498
560
634
537
550
589
498
560
634
537
550
589
498
560
634
537
550
589
498
560
634
537
550
589
498
560
634
537
550
589
498
560
634
537
550
589
498
560
634
537
550
589
498
560
634
537
550
589
498
560
634
537
550
589
498
560
634
537
550
589
498
560
634
537
550
589
498
560
634
537
550
589
498
560
634
537
550
589
498
560
634
537
550
589
498
560
634
537
550
589
498
560
634
537
550
589
498
560
634
537
550
589
498
560
634
537
550
589
498
560
634
537
550
589
498
560
634
537
550
589
498
560
634
537
550
589
498
560
634
537
550
589
498
560
634
537
550
589
498
560
634
537
550
589
498
560
634
537
550
589
498
560
634
537
550
589
498
560
634
537
550
589
498
560
634
537
550
589
498
560
634
537
550
589
498
560
634
537
550
589
498
560
634
537
550
589
498
560
634
537
550
589
498
560
634
537
550
589
498
560
634
537
550
589
498
560
634
537
550
589
498
560
634
537
550
589
498
560
634
537
550
589
498
560
634
537
550
589
498
560
634
537
550
589
498
560
634
537
550
589
498
560
634
537
550
589
498
560
634
537
550
589
498
560
634
537
550
589
498
560
634
537
550
589
498
560
634
537
550
589
498
560
634
537
550
589
498
560
634
537
550
589
498
560
634
537
550
589
498
560
634
537
550
589
498
560
634
537
550
589
498
560
634
537
550
589
498
560
634
537
550
589
498
560
634
537
550
589
498
560
634
537
550
589
498
560
634
537
550
589
498
560
634
537
550
589
498
560
634
537
550
589
498
560
634
537
550
589
498
560
634
537
550
589
498
560
634
537
550
589
498
560
634
537
550
589
498
560
634
537
550
589
498
560
634
537
550
589
498
560
634
537
550
589
498
560
634
537
550
589
498
560
634
537
550
589
498
560
634
537
550
589
498
560
634
537
550
589
498
560
634
537
550
589
498
560
634
537
550
589
498
560
634
537
550
589
498
560
634
537
550
589
498
560
634
537
550
589
498
560
634
537
550
589
498
560
634
537
550
589
498
560
634
537
550
589
498
560
634
537
550
589
498
560
634
537
550
589
498
560
634
537
550
589
498
560
634
537
550
589
498
560
634
537
550
589
498
560
634
537
550
589
498
560
634
537
550
589
498
560
634
537
550
589
498
560
634
537
550
589
498
560
634
537
550
589
498
560
634
537
550
589
498
560
634
537
550
589
498
560
634
537
550
589
498
560
634
537
550
589
498
560
634
537
550
589
498
560
634
537
550
589
498
560
634
537
550
589
498
560
634
537
550
589
498
560
634
537
550
589
498
560
634
537
550
589
498
560
634
537
550
589
498
560
634
537
550
589
498
560
634
537
550
589
498
560
634
537
550
589
498
560
634
537
550
589
498
560
634
537
550
589
498
560
634
537
550
589
498
560
634
537
550
589
498
560
634
537
550
589
498
560
634
537
550
589
498
560
634
537
550
589
498
560
634
537
550
589
498
560
634
537
550
589
498
560
634
537
550
589
498
560
634
537
550
589
498
560
634
537
550
589
498
560
634
537
550
589
498
560
634
537
550
589
498
560
634
537
550
589
498
560
634
537
550
589
498
560
634
537
550
589
498
560
634
537
550
589
498
560
634
537
550
589
498
560
634
537
550
589
498
560
634
537
550
589
498
560
634
537
550
589
498
560
634
537
550
589
498
560
634
537
550
589
498
560
634
537
550
589
498
560
634
537
550
589
498
560
634
537
550
589
498
560
634
537
550
589
498
560
634
537
550
589
498
560
634
537
550
589
498
560
634
537
550
589
498
560
634
537
550
589
498
560
634
537
550
589
498
560
634
537
550
589
498
560
634
537
550
589
498
560
634
537
550
589
498
560
634
537
550
589
498
560
634
537
550
589
498
560
634
537
550
589
498
560
634
537
550
589
498
560
634
537
550
589
498
560
634
537
550
589
498
560
634
537
550
589
498
560
634
537
550
589
498
560
634
537
550
589
498
560
634
537
550
589
498
560
634
537
550
589
498
560
634
537
550
589
498
560
634
537
550
589
498
560
634
537
550
589
498
560
634
537
550
589
498
560
634
537
550
589
498
560
634
537
550
589
498
560
634
537
550
589
498
560
634
537
550
589
498
560
634
537
550
589
498
560
634
537
550
589
498
560
634
537
550
589
498
560
634
537
550
589
498
560
634
537
550
589
498
560
634
537
550
589
498
560
634
537
550
589
498
560
634
537
550
589
498
560
634
537
550
589
498
560
634
537
550
589
498
560
634
537
550
589
498
560
634
537
550
589
498
560
634
537
550
589
498
560
634
537
550
589
498
560
634
537
550
589
498
560
634
537
550
589
498
560
634
537
550
589
498
560
634
537
550
589
498
560
634
537
550
589
498
560
634
537
550
589
498
560
634
537
550
589
498
560
634
537
550
589
498
560
634
537
550
589
498
560
634
537
550
589
498
560
634
537
550
589
498
560
634
537
550
589
498
560
634
537
550
589
498
560
634
537
550
589
498
560
634
537
550
589
498
560
634
537
550
589
498
560
634
537
550
589
498
560
634
537
550
589
498
560
634
537
550
589
498
560
634
537
550
589
498
560
634
537
550
589
498
560
634
537
550
589
498
560
634
537
550
589
498
560
634
537
550
589
498
560
634
537
550
589
498
560
634
537
550
589
498
560
634
537
550
589
498
560
634
537
550
589
498
560
634
537
550
589
498
560
634
537
550
589
498
560
634
537
550
589
498
560
634
537
550
589
498
560
634
537
550
589
498
560
634
537
550
589
498
560
634
537
550
589
498
560
634
537
550
589
498
560
634
537
550
589
498
560
634
537
550
589
498
560
634
537
550
589
498
560
634
537
550
