Default maxiter = 1024; set to maxiter = 4096 
63
60
66
42
42
46
29
29
31
28
26
29
22
22
22
20
20
20
18
19
20
18
18
18
18
17
20
17
18
18
17
17
18
17
17
18
21
21
20
18
18
20
17
17
18
17
17
18
18
18
18
48
48
51
23
22
23
18
18
20
18
18
18
25
25
25
20
20
21
18
18
18
18
18
18
18
18
18
20
20
20
20
18
19
58
56
58
24
23
22
20
18
20
20
18
20
19
18
20
22
22
22
22
22
22
20
20
21
20
20
20
20
20
20
25
24
25
21
20
20
25
25
26
21
21
21
21
21
21
4096
4096
4096
60
60
63
22
22
22
21
21
21
21
21
21
24
24
24
22
22
22
21
22
22
22
22
22
130
121
134
24
24
26
22
22
22
26
25
26
22
22
22
24
23
24
22
22
22
27
27
30
22
22
22
22
22
22
24
24
26
22
22
22
24
24
23
22
22
23
22
22
22
22
22
22
25
25
26
22
22
22
25
26
27
22
22
25
22
22
24
24
22
24
25
26
26
24
24
24
20
21
21
21
21
21
22
22
24
24
24
24
24
24
24
31
34
31
24
25
26
24
24
25
24
25
26
24
24
24
24
24
24
24
24
24
24
24
24
24
24
25
44
44
45
26
25
26
24
24
25
24
24
25
23
24
24
29
31
32
24
24
26
24
24
24
26
26
26
24
24
26
26
29
31
24
24
26
24
24
25
24
24
26
24
24
26
27
29
31
24
24
26
24
24
26
24
25
26
23
24
26
30
31
33
26
26
26
24
24
26
25
25
28
25
26
26
25
25
27
24
26
25
24
26
26
27
29
29
26
26
26
27
29
30
25
26
26
26
26
26
25
26
29
26
26
26
29
29
30
26
26
26
26
26
26
26
26
26
24
26
26
26
26
26
40
39
43
28
27
28
26
26
26
28
26
29
25
26
26
29
30
32
26
26
26
26
26
26
26
26
26
28
28
29
26
26
26
28
29
30
26
26
26
25
25
28
26
26
27
28
29
29
26
26
26
25
25
25
26
26
26
25
26
26
27
29
29
25
24
26
27
26
29
28
26
29
27
27
29
29
30
31
27
27
29
27
28
29
27
29
29
27
27
27
29
27
30
28
29
29
27
29
29
28
29
29
28
28
29
29
27
30
27
29
29
28
28
29
28
30
30
27
29
29
27
28
29
28
29
29
29
30
30
28
29
29
28
29
29
27
27
29
28
29
29
29
29
30
27
29
29
27
29
29
28
29
29
28
28
29
34
34
36
28
28
30
28
28
28
27
27
29
27
27
30
28
28
29
28
29
29
27
29
29
29
30
31
28
29
29
28
27
29
27
28
29
27
29
29
29
30
30
28
29
29
28
29
29
28
27
29
27
29
30
29
30
31
28
29
29
27
30
29
28
28
29
30
30
30
27
29
29
28
29
30
27
29
28
28
29
29
28
29
30
27
28
27
27
29
29
28
29
29
29
30
31
27
29
29
28
29
30
27
29
29
28
28
30
29
30
30
28
29
29
27
29
30
31
31
34
29
30
30
28
30
30
29
30
30
27
29
30
29
29
30
29
30
30
28
30
30
30
29
30
29
29
30
35
34
35
29
30
30
27
29
30
30
29
30
30
30
30
27
29
30
30
30
29
30
30
30
31
30
30
27
30
30
30
29
30
30
30
30
30
30
30
27
30
30
30
30
30
30
30
30
30
30
30
29
29
30
29
30
30
29
30
30
30
30
30
30
30
30
30
30
30
30
30
30
30
30
30
29
30
30
30
30
30
30
30
30
30
30
30
30
30
30
30
30
30
29
29
30
30
30
30
30
30
30
30
30
30
30
30
30
30
30
31
30
30
30
30
30
30
29
30
30
30
30
30
32
30
31
30
30
30
30
30
30
30
30
30
29
30
31
30
30
30
30
30
30
28
30
30
30
30
31
30
30
30
30
30
30
30
30
30
30
30
30
30
32
34
30
30
31
30
30
30
30
30
30
30
30
30
33
31
32
30
29
30
30
30
30
30
30
30
30
30
30
31
30
31
30
30
30
30
30
30
30
30
30
30
30
30
30
30
30
31
30
33
30
30
31
30
30
30
30
30
30
29
31
33
30
30
30
30
30
30
30
30
31
30
30
30
31
30
31
30
30
30
30
30
30
30
30
30
30
30
30
31
31
33
30
30
30
30
30
30
30
30
31
30
30
30
30
30
31
30
29
30
30
30
30
30
30
30
30
30
30
31
31
32
30
30
31
30
30
30
30
30
30
30
30
30
30
31
32
30
30
31
30
30
30
30
30
30
29
30
30
31
31
31
29
30
30
30
30
30
30
30
30
30
30
30
33
33
34
30
32
31
30
30
30
30
30
30
30
30
31
31
30
31
30
30
30
30
30
30
31
30
30
30
30
30
30
30
30
30
30
30
31
31
32
30
30
31
30
30
30
30
30
30
30
30
30
33
33
34
31
30
31
30
30
30
30
30
31
31
30
31
30
30
30
31
30
30
31
30
31
31
30
30
31
30
31
30
30
30
31
32
32
30
30
30
30
30
31
30
30
30
30
30
30
30
30
30
31
31
33
30
30
31
30
30
30
30
30
30
31
30
31
30
30
30
31
31
31
31
30
30
30
30
30
31
30
31
31
30
31
31
30
31
31
30
31
31
30
31
31
31
31
31
30
31
31
30
31
31
30
31
31
32
31
31
30
32
31
29
31
31
30
31
31
31
31
31
30
31
32
31
31
30
31
32
31
30
31
31
30
31
31
30
31
31
31
31
31
30
31
30
30
31
31
30
31
31
31
31
31
30
31
31
31
31
31
30
31
31
30
31
31
30
31
30
29
30
31
31
31
31
31
31
31
30
31
31
30
31
31
30
31
31
31
31
31
31
31
31
30
31
31
32
31
32
30
31
32
30
31
31
31
31
31
30
31
31
30
31
31
30
31
31
31
31
31
30
31
31
30
31
32
32
37
31
32
31
31
31
31
31
31
32
31
30
31
33
31
32
31
31
31
31
29
31
31
31
31
31
30
31
31
31
31
31
31
31
31
31
31
31
29
31
31
31
31
39
38
42
32
31
31
31
32
31
31
31
31
32
31
31
31
29
31
31
30
31
31
30
31
31
32
31
31
31
31
31
31
31
31
31
31
31
31
31
31
31
33
31
32
31
32
31
31
31
31
31
31
31
31
31
31
31
32
31
31
31
31
31
31
31
31
32
31
33
31
31
31
31
31
31
31
31
31
31
31
31
31
31
31
31
31
31
31
31
32
31
31
31
31
32
31
31
31
31
31
31
31
31
30
31
31
31
31
31
31
31
31
31
31
31
32
31
31
31
31
32
31
31
31
31
31
33
33
36
31
31
32
31
31
31
31
31
31
31
31
31
31
31
33
31
31
31
31
31
31
31
31
32
31
31
31
31
31
31
31
31
33
31
31
31
31
31
31
31
31
31
32
31
31
31
31
31
31
31
31
31
31
31
31
31
31
31
31
31
31
31
31
32
31
31
31
31
31
31
31
31
31
31
31
31
31
31
31
31
31
32
31
31
31
31
31
31
31
31
31
31
31
31
31
31
31
31
31
31
31
31
31
31
32
31
31
31
31
31
31
31
31
32
31
32
31
31
31
31
31
31
31
33
31
32
32
31
31
31
31
31
31
31
31
31
31
31
31
32
31
31
31
31
31
31
31
31
31
31
31
31
31
31
30
31
32
31
31
31
31
31
31
33
33
31
31
31
31
31
31
31
31
31
31
31
31
31
31
31
32
31
31
31
31
32
31
32
31
31
31
31
31
31
31
31
31
31
31
31
31
31
32
33
31
31
31
31
31
31
31
31
31
31
31
31
31
31
31
31
31
31
31
31
31
31
31
31
33
31
36
31
31
32
31
31
31
31
31
31
32
31
31
31
31
31
31
31
31
31
31
31
31
31
31
31
32
31
31
31
31
31
31
31
31
31
31
31
30
31
31
31
31
31
32
32
31
31
31
31
31
31
31
31
31
33
31
32
31
31
31
31
32
31
31
31
31
31
31
31
31
32
31
31
31
31
31
31
31
31
32
31
31
31
31
31
31
31
32
31
31
31
31
31
31
31
31
31
31
31
31
32
31
31
31
31
31
31
31
31
31
31
31
31
31
31
33
33
31
31
31
31
31
31
31
31
31
31
31
31
31
31
33
31
31
31
31
31
31
31
31
31
31
30
31
33
31
33
31
31
31
31
31
31
31
30
31
31
31
31
31
31
31
31
31
31
31
31
31
33
31
32
32
31
31
31
31
31
31
31
31
31
31
31
31
31
33
31
31
31
31
31
31
31
31
31
31
31
31
33
32
33
31
31
31
31
31
31
31
31
31
31
31
33
31
32
31
31
31
31
31
31
31
31
31
31
31
31
31
31
31
31
31
31
31
31
31
31
31
32
31
31
31
31
31
31
31
31
32
31
31
31
31
31
31
31
31
31
31
31
31
31
