Default maxiter = 1024; set to maxiter = 4096 
2585
2660
2561
2341
2552
2567
2319
2281
2289
2136
2166
2253
2001
1799
1868
1610
1772
1604
1418
1442
1461
1141
1218
1169
1038
1085
1032
971
1049
924
830
858
854
776
746
744
682
683
676
620
621
641
582
594
579
552
560
555
524
507
525
506
498
501
474
482
480
469
448
469
452
453
451
434
431
436
426
429
432
421
423
427
416
411
413
403
400
398
409
408
398
392
397
391
394
392
391
376
381
376
380
376
376
376
367
378
367
372
364
365
356
375
359
368
351
354
358
362
353
359
342
342
347
345
339
345
351
338
343
347
341
330
337
325
337
334
332
335
334
337
329
328
319
320
309
322
312
318
317
322
316
312
311
326
325
328
320
305
318
307
318
314
318
317
310
308
314
317
315
311
311
311
315
310
312
309
313
313
311
310
315
309
310
309
309
307
312
305
305
310
300
308
306
306
307
309
307
305
306
309
296
303
300
304
302
302
305
306
298
305
299
299
302
309
296
302
303
307
305
296
292
292
298
304
296
292
302
301
299
299
301
288
294
302
307
301
294
293
301
292
294
297
295
295
294
299
297
297
296
294
293
291
281
288
285
294
292
289
290
288
289
288
284
289
281
285
288
287
285
281
285
281
282
286
282
282
282
269
280
281
275
279
281
277
276
278
272
273
279
267
275
272
275
273
270
271
275
269
273
270
267
263
265
265
265
266
264
258
262
263
259
258
258
257
258
258
256
257
255
255
248
258
255
253
252
250
251
249
248
246
247
247
245
248
234
243
243
242
240
242
239
238
237
238
238
225
235
235
236
232
229
233
232
233
232
228
224
226
225
226
228
214
224
216
216
222
219
219
216
216
215
217
216
214
215
212
213
210
210
207
212
212
212
206
201
208
210
204
203
209
204
200
202
195
194
205
204
197
198
197
196
194
195
191
191
194
194
190
196
192
192
191
192
190
191
187
190
190
183
184
188
181
187
180
182
182
185
183
184
183
179
173
183
176
177
179
174
177
180
179
172
170
171
170
167
173
170
168
171
172
170
167
170
171
168
163
165
167
163
164
168
168
165
163
162
162
163
165
166
161
165
164
161
162
162
159
160
160
162
157
161
160
161
160
159
158
158
157
158
158
155
157
157
157
155
156
156
155
155
155
155
152
152
152
155
155
154
153
154
150
153
154
151
152
151
151
152
152
147
149
151
148
149
147
146
150
148
149
151
150
149
149
148
148
148
145
148
143
147
146
147
143
148
146
143
144
144
143
144
145
143
145
143
143
144
144
143
137
142
143
143
140
141
143
137
141
143
139
141
143
142
141
139
143
141
140
139
141
140
143
141
141
139
140
141
141
138
141
141
137
142
140
138
134
138
134
142
137
137
139
139
137
138
136
136
137
136
137
136
137
135
135
134
138
135
133
133
135
132
136
134
135
135
134
133
129
130
133
133
135
134
133
130
132
133
130
130
127
125
131
132
131
131
130
125
129
128
132
130
131
129
126
129
127
128
128
125
127
128
130
131
128
128
125
130
127
125
127
125
129
126
125
125
125
125
125
129
125
125
125
124
129
124
124
125
127
127
124
125
124
125
124
127
125
127
125
125
123
127
124
124
124
119
124
125
126
124
124
125
123
124
124
121
122
125
122
124
123
122
122
124
124
122
124
124
121
123
124
121
124
121
123
120
124
121
123
121
121
121
122
123
120
121
124
122
120
122
122
121
118
120
121
121
122
120
121
121
122
121
120
122
120
118
119
121
120
119
119
117
116
121
120
118
120
119
118
119
118
121
120
118
116
118
120
118
119
119
119
119
116
120
118
119
120
118
116
116
119
116
119
116
118
119
120
119
118
114
116
117
115
116
112
118
113
113
116
116
117
116
117
115
115
114
116
114
114
115
113
115
112
115
117
116
114
115
108
114
114
115
114
115
115
113
113
110
115
113
110
115
112
115
113
110
115
113
111
116
111
112
113
110
113
110
112
111
108
109
112
110
113
113
113
112
110
111
115
113
110
112
109
109
111
113
112
111
112
110
111
109
108
113
111
114
111
110
108
110
111
108
108
110
108
110
111
108
110
110
108
108
111
109
108
111
109
108
108
111
109
109
108
109
108
110
108
110
108
107
108
108
111
108
108
111
107
110
109
108
111
108
108
106
108
110
108
106
108
108
107
108
108
109
108
108
109
108
106
108
106
107
107
106
107
107
107
105
107
107
108
106
108
107
108
107
107
108
107
107
107
107
106
105
106
106
108
107
107
105
107
105
106
107
105
107
108
105
106
106
107
107
106
104
106
107
106
106
105
107
106
107
106
104
106
106
105
107
107
105
105
107
106
105
105
105
105
105
106
105
105
106
104
105
105
104
105
107
105
105
106
104
105
105
105
104
105
105
104
105
104
105
106
105
104
104
105
105
105
106
104
105
104
104
103
105
104
105
105
103
105
102
105
103
104
105
105
104
105
105
105
104
105
105
105
104
105
100
102
105
104
104
105
104
105
105
105
105
105
105
105
102
105
105
102
102
101
104
103
105
104
103
104
102
104
105
104
103
103
104
105
104
105
103
102
102
101
102
103
104
99
101
103
104
100
105
102
102
103
103
101
105
105
101
103
103
102
100
102
102
104
100
102
103
102
102
103
101
102
102
103
103
100
104
103
104
100
102
100
101
101
103
100
100
103
102
100
102
100
100
100
104
102
101
99
101
100
100
100
102
100
102
103
100
100
100
102
100
100
100
100
100
100
100
100
102
100
99
100
100
99
103
100
101
100
100
100
102
102
101
99
100
100
100
98
100
100
100
100
100
100
100
98
100
100
99
101
100
99
100
100
99
100
98
99
100
100
100
100
99
98
99
100
98
101
98
98
99
100
100
100
98
98
99
98
99
98
100
100
98
98
100
100
100
98
98
98
98
100
99
98
99
98
98
100
100
100
99
98
101
98
98
98
99
100
98
98
98
99
98
98
98
99
100
97
99
98
99
96
98
98
97
97
98
98
98
99
100
98
97
99
96
99
98
97
98
98
97
96
98
98
98
96
97
98
96
97
98
98
97
98
97
96
96
98
98
96
99
99
97
98
100
96
97
96
96
98
98
96
96
99
97
97
96
98
98
96
96
98
98
96
96
97
98
98
98
98
98
96
98
96
97
98
99
96
97
97
98
96
95
98
98
96
96
96
94
99
96
96
99
95
98
98
98
96
96
96
96
96
96
94
96
97
95
98
96
97
96
98
94
96
98
96
98
96
96
98
96
96
97
96
99
98
97
95
96
97
99
96
98
96
97
96
97
97
98
99
96
96
96
94
96
96
96
95
97
96
96
98
97
95
96
96
97
97
98
94
96
97
96
96
96
96
97
96
96
94
96
96
97
96
96
94
96
96
95
95
98
98
97
96
94
96
96
94
96
96
96
95
95
96
94
95
96
96
97
96
95
97
96
97
97
96
96
95
96
96
94
96
95
95
96
95
96
96
95
94
97
96
95
95
96
96
96
94
95
95
95
94
97
95
94
93
96
92
96
94
97
94
94
94
94
94
95
94
94
94
95
94
96
96
94
92
96
94
96
94
94
96
94
94
96
96
96
94
96
96
95
93
94
94
94
92
95
94
94
94
94
93
94
97
96
95
97
94
93
96
94
93
95
94
94
94
93
93
95
93
94
96
94
94
94
95
95
94
96
94
95
95
94
94
96
94
95
95
95
94
93
93
96
95
95
95
94
95
94
94
94
95
94
94
95
94
95
93
94
92
93
95
95
95
95
92
94
94
94
94
94
95
96
94
93
95
94
93
94
95
95
93
95
93
94
92
96
96
94
92
95
94
92
96
95
93
96
94
94
92
94
95
96
92
94
96
92
94
92
93
95
95
95
93
94
94
94
92
95
93
93
95
93
95
91
95
94
94
93
93
92
92
93
93
93
94
94
94
94
95
93
94
92
94
93
93
94
94
94
92
93
94
92
93
94
92
94
94
90
94
94
95
93
96
94
94
95
92
93
92
92
94
92
93
91
94
94
94
94
95
93
93
95
94
93
92
93
93
95
93
92
94
94
94
94
95
94
93
91
94
92
92
95
94
94
93
94
94
95
92
92
92
94
96
92
94
94
95
92
92
93
93
93
91
95
92
93
92
92
92
91
92
92
92
92
93
95
93
93
92
92
94
93
91
91
93
94
92
94
94
94
92
95
93
92
94
93
92
94
94
93
92
92
92
92
92
92
92
92
95
94
91
92
92
94
91
92
93
91
91
94
92
92
92
91
92
92
92
91
92
92
91
92
92
92
92
94
92
91
93
91
92
92
92
92
95
91
92
91
93
94
92
92
94
92
90
92
91
92
91
92
93
91
92
92
91
91
92
92
92
92
92
92
92
92
91
91
91
91
92
91
92
92
92
94
92
91
92
93
92
92
92
92
92
92
93
91
92
92
91
93
92
92
92
92
92
92
92
92
92
90
92
92
92
92
92
91
91
92
92
92
90
91
92
90
91
92
92
90
92
91
90
90
92
91
91
90
92
92
92
93
91
92
92
91
93
92
92
92
91
91
91
92
91
91
92
92
92
91
92
92
92
92
92
93
92
90
92
92
90
91
90
90
92
92
93
92
90
91
91
90
93
92
92
91
92
90
91
92
90
92
91
91
93
92
92
91
92
92
93
90
92
92
92
92
89
92
93
91
89
90
93
92
92
92
92
92
90
93
92
90
90
91
90
90
92
92
91
91
90
92
92
92
90
91
92
92
92
90
92
90
91
91
92
92
91
92
92
91
92
92
91
91
91
92
92
92
90
90
92
89
91
89
94
91
92
92
91
92
90
92
92
92
91
92
92
92
91
91
91
91
92
90
92
90
91
92
92
91
92
91
90
92
92
91
92
92
92
90
88
90
90
90
92
92
89
92
88
91
90
89
92
92
90
91
91
90
92
92
89
91
91
91
90
90
91
89
90
89
91
92
92
90
92
90
91
91
90
91
91
91
92
90
89
90
92
92
90
91
91
90
92
92
90
90
90
92
89
91
92
91
91
91
92
90
92
90
92
91
91
92
90
90
91
91
91
90
89
90
88
90
91
91
90
91
90
90
92
90
91
92
91
91
90
91
90
90
90
90
91
90
91
92
91
91
91
92
91
90
91
91
92
90
90
90
91
91
92
91
90
91
92
89
91
90
90
89
90
91
90
91
89
89
89
91
90
90
90
90
89
89
91
91
90
92
90
90
91
91
89
89
90
90
89
89
90
90
91
90
90
90
91
90
90
91
92
90
90
91
90
91
91
91
89
90
91
91
90
90
90
89
90
90
89
91
91
90
92
90
91
90
91
89
88
90
90
92
91
90
90
90
90
91
90
92
92
90
91
90
91
90
90
91
90
89
91
91
91
90
90
90
91
90
89
92
90
90
90
90
90
90
91
91
90
90
91
90
91
89
90
90
90
90
91
90
90
90
89
89
91
89
92
90
89
91
90
91
90
90
89
88
88
91
90
90
91
90
90
90
90
91
89
91
89
91
89
87
89
88
90
88
89
91
89
89
92
91
92
90
90
91
90
89
88
90
91
89
88
91
92
90
90
90
90
92
88
88
91
91
90
90
90
90
91
90
90
89
90
90
91
89
90
92
89
91
90
90
90
90
90
91
90
90
90
90
87
90
88
90
90
91
89
90
90
90
90
90
89
89
90
91
90
89
91
88
90
90
89
90
90
90
90
90
90
89
91
90
89
91
90
90
91
90
89
90
90
90
90
89
91
90
90
91
87
88
90
89
90
90
89
89
89
89
88
91
89
88
89
91
91
90
90
90
90
89
89
88
88
90
90
90
91
88
90
87
89
90
89
90
91
90
89
89
90
90
91
90
90
87
90
89
90
90
91
89
89
90
89
91
89
87
90
89
91
90
90
90
91
90
88
89
89
91
91
90
91
90
90
89
90
89
90
90
89
88
90
90
90
90
89
88
90
90
92
90
88
89
90
88
89
90
90
90
90
88
89
90
90
90
88
91
90
89
87
90
90
91
88
92
88
90
88
89
89
89
90
90
90
89
91
89
91
88
89
90
90
88
89
91
91
90
90
90
89
90
88
89
90
89
90
90
89
90
87
90
89
89
89
90
91
89
89
90
89
90
90
89
90
90
89
90
88
88
90
88
89
89
89
90
91
89
88
89
89
90
88
91
90
90
88
89
88
89
88
90
89
88
90
89
90
88
89
89
91
90
91
89
90
87
89
91
88
89
88
88
91
89
89
90
89
90
89
89
91
91
88
87
89
90
91
88
88
88
90
88
90
89
87
88
89
90
88
91
88
88
88
87
89
90
91
91
89
90
89
90
88
91
88
87
88
89
88
90
90
88
89
89
91
89
90
89
88
87
90
90
89
87
91
88
91
88
90
89
88
89
88
89
88
90
86
90
89
88
89
87
88
90
90
89
86
90
88
88
88
89
90
88
90
88
88
90
89
87
88
89
88
89
90
88
89
90
88
89
87
89
88
88
90
88
89
89
88
87
90
88
90
90
89
88
88
87
87
89
90
88
91
87
89
87
88
89
88
88
89
89
88
89
88
90
90
90
91
90
88
90
88
89
89
89
91
89
86
90
90
87
89
87
89
90
89
90
89
89
88
88
90
90
89
90
88
88
89
89
88
88
88
88
88
89
88
89
88
88
89
89
88
86
89
87
89
89
88
88
89
90
88
88
87
88
85
88
88
90
88
89
89
87
89
90
89
89
88
87
89
88
89
88
88
89
87
88
87
88
87
89
90
91
88
87
89
89
89
89
89
89
90
87
87
87
86
87
89
88
87
87
90
90
88
89
87
88
91
90
90
88
89
88
91
89
89
89
90
89
90
89
89
88
90
89
87
86
90
87
88
86
88
87
88
89
87
90
86
87
89
88
88
87
88
88
87
90
89
88
89
88
91
88
87
88
89
87
88
87
87
89
89
88
88
87
86
89
89
91
89
88
90
88
87
90
89
88
88
90
89
88
88
89
88
89
89
88
88
86
87
88
88
90
88
88
88
90
88
90
87
88
88
86
88
88
89
86
89
87
87
88
88
88
87
89
89
88
90
88
88
86
87
88
88
88
87
89
89
89
89
88
89
87
87
88
88
89
87
88
91
89
88
89
89
88
87
88
88
88
87
87
88
89
88
88
89
89
88
90
88
88
90
88
88
89
88
89
88
89
88
88
88
87
88
88
88
88
88
87
88
90
88
89
86
90
89
86
88
89
86
86
87
88
89
89
88
86
88
86
89
88
87
89
85
88
87
88
88
89
88
89
88
88
87
88
88
88
88
88
87
88
89
89
87
88
88
89
89
88
89
87
89
89
85
87
88
89
88
89
88
88
88
89
89
88
88
88
90
91
86
89
89
86
89
86
89
89
88
89
89
85
85
88
85
89
88
87
90
89
89
87
87
88
87
90
88
88
88
87
86
88
90
88
85
88
85
86
88
88
88
87
88
91
88
88
85
88
89
87
89
88
87
88
91
88
88
88
88
89
88
88
89
88
89
89
85
86
88
86
89
86
87
88
87
87
88
89
87
87
88
87
88
87
87
86
86
88
88
88
89
88
89
87
89
88
88
88
87
89
88
88
89
89
88
88
88
88
86
88
88
87
89
89
88
87
86
86
88
88
88
87
89
88
90
88
90
88
89
89
87
89
88
88
88
88
88
89
85
89
87
88
88
88
87
88
89
86
88
88
89
88
85
89
90
88
87
87
87
88
88
86
87
88
88
87
88
88
86
89
86
89
87
85
88
88
87
87
88
88
89
87
87
87
88
88
85
89
88
88
86
86
89
88
88
86
87
88
89
87
87
88
87
88
86
88
89
89
87
87
86
89
90
86
89
88
88
88
88
85
86
88
89
87
86
88
86
89
87
88
88
90
88
87
89
86
88
86
87
88
88
87
87
88
88
88
88
88
89
89
87
87
87
88
88
88
87
87
87
89
87
89
86
86
87
88
89
87
84
88
88
88
88
88
88
88
89
89
89
88
88
85
89
86
88
87
89
88
87
86
89
87
89
88
88
89
88
87
86
89
88
89
89
86
88
88
89
87
88
87
88
86
89
88
87
86
87
86
88
87
85
87
88
86
85
87
85
87
88
87
86
87
87
86
88
88
86
86
89
86
86
89
87
88
89
85
86
88
88
89
88
87
86
89
88
88
88
88
86
88
87
90
89
88
87
88
86
88
89
88
87
89
86
88
86
87
88
88
88
87
88
86
88
86
86
87
87
87
86
87
90
86
89
89
88
89
88
87
86
89
85
88
89
87
88
88
86
88
88
85
86
88
86
88
88
87
88
89
88
87
89
87
87
86
87
87
87
89
88
86
88
86
86
89
87
87
87
86
86
88
86
86
88
88
86
88
86
88
86
88
88
84
85
88
88
86
88
86
87
86
89
87
88
88
88
88
88
86
86
87
86
88
89
88
88
86
88
87
85
86
85
88
87
87
87
86
86
88
86
86
85
89
86
89
87
88
88
87
87
88
86
86
89
87
87
88
88
88
87
88
88
88
88
88
87
87
87
87
87
87
86
87
85
87
84
90
88
87
86
88
86
86
85
88
88
86
88
87
86
88
88
88
88
88
87
86
87
88
87
87
88
86
88
87
87
87
87
89
88
87
88
88
86
88
90
86
88
88
89
87
88
86
88
86
88
86
85
88
87
87
88
87
88
87
86
88
88
87
85
87
86
88
86
88
86
86
87
86
87
86
85
88
85
87
88
87
87
85
86
86
88
88
88
87
88
86
87
85
88
89
85
87
86
89
89
86
86
87
87
87
89
87
88
87
87
88
86
86
88
86
86
86
88
86
88
87
87
88
85
88
87
86
87
89
86
88
88
88
86
88
88
85
88
87
85
84
88
89
87
88
88
86
86
88
88
88
87
86
88
86
88
86
86
85
89
85
88
85
88
88
89
87
88
86
89
88
86
87
86
88
88
88
87
87
86
88
88
87
86
85
88
87
86
88
88
88
88
88
89
87
85
87
86
86
86
88
85
87
86
87
86
88
86
88
85
85
88
88
88
89
86
87
86
87
88
86
86
86
89
86
88
86
85
87
86
89
86
87
88
86
86
90
86
85
86
86
89
89
88
86
86
87
86
87
87
87
86
86
88
87
87
88
87
86
89
88
88
86
86
87
89
86
86
86
87
85
86
86
87
87
88
86
88
86
87
86
87
87
87
88
88
88
87
86
88
87
86
88
86
85
85
87
86
86
88
89
88
88
86
86
88
86
88
88
86
89
86
90
88
88
84
85
88
88
85
86
88
86
87
86
86
88
86
88
87
87
88
89
85
88
88
87
85
86
86
86
86
88
85
89
86
87
88
88
87
86
89
85
85
85
86
87
86
86
88
89
88
86
86
87
86
86
88
87
87
85
87
88
86
88
86
86
87
86
85
86
86
86
85
87
87
87
87
85
86
86
87
89
88
88
85
86
87
87
85
85
86
88
88
87
88
86
87
86
88
89
89
88
85
87
86
85
86
88
86
89
88
85
86
85
87
85
87
86
89
85
86
85
86
86
88
86
88
88
89
88
87
87
85
86
85
88
86
86
86
87
85
84
85
86
86
87
86
87
86
85
87
85
84
86
87
88
86
86
86
86
86
87
84
86
86
85
85
86
86
88
88
87
87
85
86
85
89
86
88
85
86
84
86
87
88
85
85
87
88
86
85
85
86
85
88
86
86
85
87
86
86
86
85
83
87
86
87
88
87
86
85
85
86
86
87
85
86
88
88
87
88
85
87
85
86
86
84
86
89
85
87
86
87
87
87
86
86
88
87
87
88
86
86
86
84
85
86
88
86
86
86
86
86
88
88
86
89
88
86
87
86
86
87
86
87
85
88
88
86
88
86
86
85
85
86
87
88
86
86
85
86
87
89
85
87
87
86
87
87
87
88
88
84
88
86
86
85
84
86
86
88
85
86
86
84
87
87
86
86
86
85
88
85
88
86
86
85
85
86
86
87
85
86
88
85
88
84
86
85
86
86
86
86
85
87
86
89
85
85
85
86
87
85
88
87
84
86
86
87
86
86
84
88
87
85
86
86
84
85
88
85
86
87
85
85
86
84
86
87
88
88
85
88
86
85
85
87
86
87
86
87
86
86
89
86
85
86
86
86
88
85
89
85
87
87
84
88
88
86
86
85
88
86
87
87
85
89
87
86
85
85
86
88
88
86
86
86
88
85
88
85
88
87
87
86
86
86
86
85
88
85
86
85
89
85
86
86
85
87
87
88
84
88
86
84
86
87
85
88
85
84
87
88
86
88
87
86
86
85
85
86
86
87
87
87
86
86
84
86
88
85
83
87
87
86
85
86
86
86
85
89
86
85
85
86
86
86
87
86
86
86
87
85
87
89
86
88
87
88
86
87
85
86
86
86
87
86
87
86
86
87
86
88
84
86
85
86
85
85
86
86
85
84
86
88
86
86
87
86
84
86
85
88
85
86
87
85
87
86
87
87
86
85
87
85
85
84
86
86
85
84
86
84
88
85
86
86
86
85
86
85
85
87
87
84
87
86
88
89
87
88
87
86
88
84
85
87
89
85
86
86
87
88
86
87
88
87
88
86
86
85
87
86
87
86
88
88
87
87
84
85
86
86
87
86
84
86
86
88
88
87
87
86
87
86
86
88
86
88
85
87
87
86
86
88
86
88
86
87
84
85
85
88
86
88
83
87
86
87
85
87
85
86
86
86
86
86
86
86
85
88
86
87
88
88
87
85
84
85
85
87
86
86
86
85
86
86
87
87
88
85
85
87
86
89
86
85
86
86
85
87
85
87
86
86
86
87
86
87
85
86
85
87
87
87
87
87
86
86
86
87
89
86
86
85
86
86
88
86
85
86
86
87
87
89
84
88
86
87
85
88
86
86
86
85
83
87
87
88
87
87
85
86
84
87
88
86
88
85
87
86
85
85
86
86
86
86
86
84
86
85
87
86
88
85
86
85
86
87
84
86
86
85
86
86
86
86
87
87
85
88
87
87
84
87
86
89
86
85
87
86
86
84
87
86
84
85
85
86
84
86
89
86
87
85
86
86
86
86
87
86
89
88
87
86
87
87
85
85
87
85
88
87
85
88
87
86
86
86
86
88
86
85
89
87
85
86
83
85
85
85
86
86
88
87
84
88
87
85
86
84
85
88
86
86
87
85
87
86
86
85
87
87
85
88
85
87
85
86
86
87
87
84
86
87
88
86
86
87
87
85
86
88
85
86
88
85
84
86
87
88
86
85
88
87
86
84
86
86
85
86
89
86
87
86
87
85
86
87
86
86
87
84
86
84
88
87
86
86
88
88
86
87
85
87
86
85
87
87
86
86
85
88
85
86
85
84
85
86
87
88
87
84
86
85
86
85
87
87
86
87
86
87
85
86
87
86
86
84
85
86
86
85
85
86
84
88
86
86
85
85
88
86
85
85
85
86
85
87
85
86
86
84
86
86
87
84
86
86
88
86
88
86
86
87
88
84
87
85
88
86
86
86
86
86
84
85
86
86
86
84
89
86
86
86
86
86
88
87
86
86
87
86
87
84
87
88
84
85
87
86
86
86
85
85
84
84
87
86
84
85
86
85
85
87
87
86
86
86
88
85
86
86
86
86
87
85
86
86
86
86
87
86
87
86
86
87
87
85
88
87
85
86
87
85
85
88
86
87
86
86
88
85
85
85
85
86
86
85
87
87
89
85
86
86
85
85
86
87
84
86
87
85
87
85
86
85
85
84
87
86
84
86
86
87
85
87
85
86
86
85
85
84
87
86
86
86
84
86
86
86
87
87
87
85
87
87
85
86
86
85
88
88
85
85
86
87
86
85
85
86
87
86
87
87
85
88
86
86
84
89
86
86
88
86
86
86
85
87
87
88
86
86
87
86
86
86
85
86
86
87
85
85
87
84
85
85
86
86
85
85
84
85
86
86
85
86
86
85
85
87
85
86
86
85
85
83
86
85
87
85
86
86
86
87
86
85
85
86
86
86
86
86
86
88
87
85
85
86
86
87
88
87
85
86
86
86
85
84
84
86
86
86
87
87
85
86
85
84
87
86
85
87
85
85
86
85
85
85
84
87
85
86
85
85
84
85
86
87
86
84
85
86
86
86
86
88
85
86
85
84
86
87
86
87
86
85
86
85
86
86
87
88
87
86
86
86
85
86
85
87
88
85
88
86
86
84
85
87
84
85
86
86
85
85
88
86
87
86
86
87
84
87
87
87
86
86
86
88
87
86
85
86
86
85
86
87
86
85
87
85
87
85
85
86
85
86
87
88
87
86
84
86
87
87
85
87
88
86
86
86
86
84
86
85
86
85
85
87
86
86
86
85
84
86
87
87
86
85
87
86
86
88
86
83
85
86
86
86
86
85
85
85
84
86
88
86
85
83
85
86
86
87
87
86
86
85
85
86
87
84
86
86
87
86
87
84
86
86
86
86
86
86
87
86
86
87
86
87
87
85
86
84
84
86
86
86
85
84
87
85
85
88
87
86
86
85
85
87
87
86
87
87
85
86
86
85
85
88
84
87
84
85
86
86
86
86
86
85
85
84
86
86
84
85
86
86
86
86
87
89
86
85
86
86
86
85
86
85
85
84
85
85
84
85
85
87
86
85
86
86
87
86
88
85
87
86
85
84
85
86
86
86
86
89
86
86
85
84
88
87
84
86
85
85
87
86
85
87
87
85
87
86
85
86
87
84
84
83
86
85
87
87
86
86
85
86
86
87
89
85
86
86
85
89
86
85
88
87
85
85
87
87
87
87
85
86
85
85
87
89
84
83
86
86
86
84
85
83
86
88
86
87
86
87
86
85
85
86
86
88
86
86
85
88
85
87
87
85
85
84
86
84
86
84
85
86
87
87
85
86
86
86
85
86
86
84
86
84
89
87
88
85
86
85
85
87
89
84
88
87
86
86
85
85
84
83
85
86
86
86
85
87
85
85
86
85
87
86
85
86
86
86
84
85
84
84
85
88
86
85
86
84
84
86
84
86
86
85
83
84
86
84
86
84
86
86
85
85
87
87
86
84
85
86
85
85
86
83
86
86
86
86
84
86
86
86
85
86
84
86
86
85
85
84
86
84
87
85
84
86
86
85
84
85
84
86
85
85
86
85
86
86
85
86
87
85
84
86
86
85
86
85
86
85
86
86
84
86
87
86
87
85
84
86
86
85
86
84
84
84
84
86
85
84
86
84
86
85
86
87
86
85
86
86
86
87
85
86
85
86
87
85
86
87
85
85
84
84
85
87
86
85
86
85
86
86
85
85
86
85
85
86
84
84
85
85
86
85
85
85
87
85
84
84
86
86
85
85
87
86
85
86
87
86
85
85
84
88
86
86
85
86
84
85
85
84
83
86
84
85
86
86
86
85
85
87
86
86
87
84
84
86
86
86
84
87
85
84
85
86
86
87
86
86
86
86
87
86
86
86
84
86
85
86
86
84
84
85
86
85
85
84
86
84
85
87
86
86
86
83
85
85
87
86
85
84
85
85
84
85
86
86
85
87
86
87
85
85
86
86
88
86
86
84
85
85
86
86
86
84
85
86
86
86
86
86
85
84
84
86
85
85
85
87
85
86
83
83
85
88
84
86
84
86
85
85
83
83
87
84
85
87
83
86
86
86
