Default maxiter = 1024; set to maxiter = 4096 
11
9
11
11
9
11
11
9
11
11
9
11
11
9
11
11
11
11
11
11
11
12
12
12
14
14
14
18
18
18
24
24
24
41
40
40
4096
4096
4096
4096
4096
4096
46
46
46
4096
4096
4096
78
80
78
4096
4096
4096
4096
4096
4096
4096
4096
4096
86
84
84
4096
4096
4096
97
99
99
4096
4096
4096
126
128
126
107
106
107
4096
4096
4096
113
114
112
110
110
110
111
113
112
111
110
110
4096
4096
4096
130
133
134
114
113
113
105
105
106
4096
4096
4096
137
137
135
114
116
114
117
115
115
4096
4096
4096
4096
4096
4096
122
125
123
86
88
87
104
107
105
219
216
219
110
110
109
139
138
139
102
103
101
119
121
119
122
123
124
132
135
134
67
67
67
91
89
89
110
111
109
135
138
136
64
65
65
94
93
96
118
120
121
129
128
128
131
133
133
134
133
135
264
260
273
139
139
141
97
96
97
4096
4096
4096
115
116
115
4096
4096
4096
138
141
142
4096
4096
4096
149
154
151
154
158
156
4096
4096
4096
235
233
236
158
162
161
91
92
92
138
138
139
153
156
155
159
162
157
155
160
159
4096
4096
4096
177
177
177
162
164
164
137
138
139
152
157
153
170
173
174
156
156
154
158
160
161
170
172
172
111
110
111
140
138
141
158
157
157
166
166
167
170
173
174
225
219
220
182
186
183
4096
4096
4096
212
216
220
188
187
183
171
172
169
179
180
176
227
227
226
183
186
183
195
198
194
178
181
177
184
188
187
189
190
189
188
191
190
231
232
229
196
196
193
191
191
190
213
205
206
191
199
194
170
174
171
190
193
192
208
212
209
194
196
196
195
199
198
187
185
187
194
194
189
202
199
196
196
195
192
198
198
195
201
201
198
118
118
116
174
176
172
195
195
194
198
197
197
196
200
195
203
204
201
121
121
120
148
152
150
194
195
191
202
199
202
202
198
200
199
200
199
210
213
212
200
204
201
230
227
234
204
210
210
200
204
198
205
207
203
217
211
211
202
205
199
201
205
200
201
201
202
252
246
245
205
206
205
201
204
202
203
202
201
205
204
205
216
208
216
206
202
203
217
217
216
202
203
201
211
213
206
204
205
204
222
217
218
207
207
205
204
207
203
209
212
206
204
207
204
219
220
215
208
211
205
204
205
203
211
211
204
217
218
215
207
208
203
215
212
211
205
208
206
222
217
219
209
207
204
206
207
205
206
206
205
205
212
207
232
223
224
222
220
217
206
207
204
207
205
207
207
210
206
233
231
228
217
217
214
206
208
206
218
218
215
205
209
208
225
224
225
214
214
207
206
208
204
217
218
213
208
213
206
227
227
224
218
218
212
208
208
207
215
211
213
225
220
222
210
211
204
217
211
213
210
211
205
226
229
227
210
214
208
216
209
206
215
219
214
212
214
206
227
231
226
215
214
212
208
211
206
221
218
216
216
211
210
235
225
232
218
218
217
209
208
207
216
214
214
228
221
222
208
212
210
221
217
213
216
211
211
229
231
226
217
212
205
217
213
213
210
206
208
220
218
218
217
212
211
233
233
236
221
225
218
213
213
211
216
217
216
229
231
228
217
211
209
223
219
214
232
226
220
216
213
208
222
224
218
217
215
212
236
231
226
217
216
213
222
212
214
212
211
211
218
211
214
216
214
217
248
240
241
231
229
226
219
218
214
226
225
227
215
215
212
238
234
235
221
215
216
216
211
211
221
218
213
231
222
220
216
215
211
235
232
234
224
218
217
221
213
213
224
218
217
256
251
247
239
231
231
221
213
210
223
225
218
221
217
217
244
233
243
230
220
220
223
215
217
229
221
218
240
233
234
215
216
215
232
224
218
222
219
219
245
243
242
230
220
217
221
215
212
234
229
225
224
221
218
245
244
242
231
223
219
222
219
213
231
226
225
226
218
216
247
242
244
232
230
231
223
220
216
232
228
226
224
219
218
248
245
245
234
228
230
225
217
211
232
224
220
240
235
233
228
218
218
234
230
228
226
220
222
245
239
239
231
222
219
222
225
217
222
217
213
224
220
219
252
248
252
240
239
237
224
219
216
231
228
220
245
238
238
226
221
221
237
231
231
226
226
221
249
245
243
230
228
229
223
218
219
239
237
232
225
226
216
252
243
248
233
234
229
224
222
219
237
235
226
233
226
225
245
245
248
239
234
231
226
218
220
234
234
226
246
239
238
227
228
224
240
234
230
224
222
222
242
239
244
226
223
221
230
227
223
224
220
221
225
223
223
226
224
227
257
257
253
246
243
244
227
225
222
240
237
237
226
227
222
252
247
246
234
228
229
226
230
223
230
227
223
235
236
233
251
248
245
231
229
224
235
231
229
246
239
239
231
226
229
244
239
235
232
228
223
252
248
249
237
227
232
234
228
226
231
228
225
233
231
228
247
253
251
249
242
241
233
224
227
236
231
235
251
243
251
233
228
227
237
236
232
248
241
243
230
227
230
244
239
240
232
227
228
249
246
243
236
232
227
235
232
227
232
228
232
232
226
226
236
233
234
251
255
252
250
247
249
235
227
227
241
240
237
254
250
246
227
233
229
245
238
236
239
231
227
261
256
256
247
237
237
231
229
229
245
239
241
238
232
231
263
254
257
246
241
235
235
230
226
243
242
237
257
252
250
231
232
232
238
242
240
234
232
232
260
253
251
237
235
238
236
228
232
243
244
239
234
232
232
262
256
257
244
244
238
238
229
226
244
241
237
237
232
234
263
257
260
247
243
238
240
232
231
242
238
237
258
249
251
237
229
226
244
244
239
238
231
232
254
254
255
241
235
238
238
229
231
242
241
237
238
231
234
259
255
262
245
244
245
233
230
227
242
243
244
238
232
231
261
256
260
245
242
242
234
233
236
243
243
241
241
236
234
264
254
261
253
242
246
233
235
233
245
240
239
254
251
249
238
235
236
242
241
237
237
234
235
265
255
257
238
236
233
237
239
237
236
235
234
238
242
237
256
255
250
236
234
234
243
235
238
269
256
265
254
251
254
238
237
235
246
242
245
241
234
231
264
255
255
240
235
234
242
237
233
230
231
229
244
239
241
264
253
257
237
232
234
245
240
239
259
254
258
240
235
234
252
240
247
240
235
235
263
254
259
239
236
237
240
237
238
235
237
228
247
236
244
266
254
261
234
234
236
246
246
240
278
271
281
263
257
264
238
234
233
239
236
240
255
255
260
239
237
240
252
247
246
241
238
236
245
243
247
245
238
243
239
238
234
239
239
243
255
250
254
247
245
242
240
236
234
247
250
251
240
237
239
268
258
273
253
247
254
240
237
236
247
251
244
238
235
239
268
259
265
247
246
248
240
240
234
245
246
244
263
252
261
246
237
238
247
244
248
243
239
240
267
261
271
248
245
250
240
236
237
252
244
247
245
241
240
274
268
271
252
250
245
241
237
230
249
243
242
266
260
262
239
241
239
253
246
250
239
238
240
256
260
263
240
241
241
241
238
240
239
238
238
247
244
246
263
256
264
243
238
243
246
246
245
261
257
260
242
241
233
254
252
256
248
239
239
272
258
266
246
239
240
248
239
241
245
240
239
249
244
240
266
266
262
261
260
264
245
238
241
243
236
238
246
241
239
278
266
274
261
255
250
244
240
242
252
244
249
264
264
266
248
240
238
256
253
251
249
240
243
268
270
271
251
244
245
250
246
242
240
239
237
252
247
252
269
262
268
240
237
239
250
252
251
264
260
264
242
240
241
251
253
252
265
256
256
243
243
244
264
257
256
250
246
242
268
268
262
247
244
244
249
246
240
243
240
240
249
251
251
270
260
264
249
246
241
252
253
251
271
262
265
243
243
244
258
253
255
249
245
243
273
265
264
257
255
249
246
241
240
255
250
252
264
257
266
244
241
244
252
250
249
263
256
265
249
244
246
262
256
259
245
245
243
269
260
264
251
241
243
251
246
243
241
243
242
259
254
258
251
246
246
275
270
268
253
251
254
245
243
245
252
249
249
276
273
281
269
267
265
241
244
246
254
247
251
269
257
267
242
245
246
259
255
250
251
248
247
273
262
266
250
245
245
250
249
244
240
242
244
249
248
242
278
272
278
271
268
265
252
243
241
245
242
242
248
250
245
274
276
281
262
262
267
244
239
242
259
254
255
272
271
274
252
252
243
249
256
251
245
244
245
278
271
275
250
248
250
250
249
246
245
246
240
245
243
244
246
248
242
283
280
282
265
259
262
251
249
247
273
265
265
253
248
237
272
264
263
251
248
247
276
273
265
250
247
248
246
250
246
248
250
246
248
248
246
243
243
243
259
253
254
249
247
249
287
283
283
258
255
257
246
246
248
251
254
250
289
282
292
270
265
271
248
248
246
257
258
258
247
250
247
268
273
273
246
250
246
248
248
251
247
245
247
263
258
257
271
266
266
246
248
242
257
255
252
266
263
269
244
244
250
259
258
264
245
250
249
275
273
276
253
252
254
251
247
254
246
249
241
259
252
256
278
268
275
246
251
244
254
246
255
284
278
283
269
264
269
246
248
242
258
254
256
273
268
272
252
247
250
260
256
258
253
247
246
278
273
276
253
247
250
251
250
252
248
248
242
253
251
258
272
271
273
248
249
248
256
251
248
282
279
288
273
268
270
255
247
247
262
259
257
254
251
253
277
275
279
263
261
260
247
249
247
256
251
259
275
273
272
249
246
243
263
257
257
253
253
253
282
276
279
260
260
254
249
248
246
262
260
259
259
249
247
284
281
283
263
260
259
249
248
241
261
259
259
253
249
253
280
277
285
268
263
269
250
249
247
254
252
253
273
271
273
248
248
251
255
257
261
249
248
245
276
276
283
261
259
258
248
248
248
263
262
262
254
251
255
283
279
283
263
265
261
250
247
250
262
258
261
280
272
277
248
249
249
267
261
265
255
247
253
276
276
279
256
254
252
258
253
253
250
247
248
269
266
264
256
253
252
281
277
282
262
260
260
250
244
247
260
255
262
278
277
279
249
250
253
265
264
264
250
255
250
282
280
282
259
260
262
249
254
252
255
246
250
251
255
251
288
282
293
273
274
273
254
247
244
255
246
247
254
255
252
287
284
290
272
271
271
250
247
253
266
258
259
279
275
279
250
247
253
258
262
262
254
255
251
282
277
278
262
260
261
249
250
250
267
266
269
249
253
252
274
266
270
254
251
254
271
272
280
252
250
253
278
276
279
254
255
260
254
250
260
249
253
252
264
267
261
254
254
254
277
279
278
256
261
259
254
252
250
264
255
263
286
284
297
281
280
287
254
252
252
264
261
263
259
253
250
282
278
283
263
260
262
250
253
249
259
258
260
279
275
276
257
255
254
263
259
261
273
270
268
258
255
256
274
269
270
259
253
248
281
277
276
250
252
248
262
253
254
249
251
248
261
254
249
264
253
261
289
288
297
280
273
282
260
251
254
270
264
271
259
251
255
281
280
289
257
256
258
259
254
258
255
255
249
263
262
267
277
279
281
257
253
255
266
263
268
259
254
260
291
288
289
264
262
265
256
254
251
265
269
263
282
275
281
256
254
254
272
270
267
258
256
256
280
275
273
254
253
251
276
275
275
252
252
249
277
277
270
260
254
251
272
275
276
258
253
254
278
275
281
258
261
258
285
278
283
260
254
256
262
259
257
259
254
260
256
257
251
265
259
261
288
292
292
290
278
283
258
258
248
252
257
250
258
257
258
289
284
289
267
271
269
256
252
250
265
268
266
258
254
258
284
285
286
265
263
259
256
255
252
265
265
264
287
276
286
252
258
257
268
269
268
258
255
252
277
278
279
252
255
260
259
257
261
258
256
253
256
251
253
263
258
265
300
290
299
279
282
281
252
256
257
258
254
250
260
256
258
282
286
293
277
275
276
255
257
254
269
271
259
278
275
281
258
257
256
262
271
270
257
255
260
284
285
288
263
263
260
260
256
252
263
271
275
258
255
260
284
286
289
258
262
257
256
258
255
265
271
272
254
259
262
288
288
289
265
268
269
258
257
251
264
271
265
280
277
279
258
255
260
268
268
268
255
257
261
279
283
281
265
257
259
265
261
261
259
258
257
257
252
256
264
264
269
257
257
260
282
281
284
266
269
264
264
266
262
259
251
256
254
256
258
265
259
258
294
290
299
283
279
274
252
258
251
270
270
268
265
260
259
293
290
293
276
271
272
257
257
254
273
267
268
286
277
286
260
257
252
267
268
261
264
261
257
287
291
288
265
267
266
257
256
256
270
270
272
263
262
259
291
289
294
274
271
268
258
257
255
266
266
270
280
276
284
257
259
256
273
272
275
263
258
263
282
283
279
261
258
257
260
260
265
254
262
258
259
258
256
266
265
267
300
292
297
281
287
287
258
255
258
256
256
257
264
258
259
293
289
297
277
278
273
256
261
253
270
272
268
259
260
264
294
291
294
270
272
266
253
259
250
269
272
266
287
286
285
255
257
257
267
270
267
263
267
252
287
288
287
268
270
265
265
264
264
251
259
256
271
268
266
288
287
289
259
261
258
265
266
266
301
293
302
284
279
281
258
259
255
271
267
266
281
283
288
264
262
265
266
270
269
281
273
278
262
258
260
278
278
278
260
266
259
280
285
286
263
266
265
259
268
258
259
255
259
274
271
275
266
263
265
296
292
301
279
275
278
260
257
258
268
265
265
295
292
298
287
285
282
260
256
258
259
266
266
299
294
305
281
284
284
267
265
262
273
274
270
259
263
261
293
292
293
270
272
268
263
259
252
267
271
269
258
265
262
291
295
296
269
276
273
260
262
258
277
276
273
267
267
260
295
296
295
278
273
276
260
264
258
273
274
265
281
286
288
259
263
261
