Default maxiter = 1024; set to maxiter = 4096 
41
40
39
41
40
40
40
37
37
29
29
29
26
26
26
23
23
23
33
33
33
18
18
18
20
20
20
20
19
20
26
25
25
4096
4096
4096
68
69
65
26
26
26
4096
4096
4096
29
29
29
24
24
25
4096
4096
4096
33
34
33
4096
4096
4096
40
39
41
36
36
36
20
20
20
24
24
24
30
32
30
33
34
33
33
34
33
34
35
33
53
53
51
25
26
25
21
21
21
24
24
25
32
30
30
30
31
30
36
36
35
4096
4096
4096
41
38
38
4096
4096
4096
46
46
47
31
31
30
33
33
33
40
38
38
47
49
49
27
26
26
33
33
31
41
41
41
46
43
46
46
45
48
47
49
48
102
100
102
50
50
50
96
98
96
67
68
66
52
54
54
50
51
49
50
51
49
50
50
50
57
58
57
53
52
51
52
51
51
50
51
51
51
51
51
55
54
54
53
53
52
50
51
49
51
51
51
53
53
52
57
57
54
41
40
40
31
31
31
34
32
31
41
42
43
51
51
50
53
52
53
60
60
58
53
54
53
53
53
53
4096
4096
4096
60
60
58
55
54
54
57
58
58
54
54
54
57
56
54
54
54
54
59
57
58
57
57
54
68
69
68
59
59
55
58
57
55
59
56
56
60
59
58
57
57
55
57
57
56
57
57
57
57
56
57
59
60
60
64
64
63
53
52
55
57
54
54
59
56
57
59
59
57
59
61
61
52
51
52
54
52
53
59
59
59
59
59
58
60
60
59
60
59
59
59
59
58
58
59
58
60
61
61
59
59
58
68
69
68
61
59
60
60
59
60
59
59
59
61
61
61
131
127
124
75
75
76
61
60
61
60
61
61
61
61
61
62
61
61
58
59
58
61
60
60
61
61
61
63
62
62
62
61
61
54
54
54
60
61
61
61
60
60
62
60
62
57
58
54
61
61
61
64
62
62
62
61
61
63
61
61
152
145
143
65
64
65
62
61
62
59
60
61
62
61
60
62
62
62
62
62
62
62
62
62
64
61
62
67
68
68
62
62
62
62
62
62
63
62
62
64
62
62
94
92
92
66
63
64
62
62
62
64
62
62
62
62
62
64
62
63
71
71
69
62
62
62
64
62
61
65
62
64
65
62
66
65
64
63
65
62
62
65
62
62
64
65
66
74
74
73
68
65
67
65
64
65
65
65
65
65
65
65
65
65
66
65
65
64
63
65
66
65
65
66
71
69
72
65
62
62
65
64
66
65
64
65
66
63
63
64
67
63
65
63
66
63
63
65
66
64
65
76
70
71
68
65
63
69
64
66
68
67
66
67
68
65
66
67
67
67
65
64
66
66
63
66
63
65
68
67
65
69
69
68
64
62
62
67
63
66
67
68
65
68
67
64
75
75
74
66
66
66
68
66
65
67
67
66
68
66
65
71
72
73
68
67
67
69
66
66
68
67
67
66
66
67
71
66
67
67
67
65
67
66
66
69
69
65
70
67
66
72
70
68
68
66
65
65
67
66
67
66
67
66
66
68
66
66
66
67
68
67
67
68
66
68
67
65
70
67
68
70
67
66
66
67
64
66
66
66
66
66
64
87
87
86
70
67
67
66
66
66
68
66
66
77
79
75
70
67
64
64
68
65
69
67
66
83
81
78
70
72
68
67
70
66
70
67
67
69
69
68
70
70
68
67
67
66
70
71
67
69
67
67
73
70
69
66
66
69
69
66
69
71
68
66
67
70
67
69
68
69
70
67
66
68
66
67
70
68
67
67
66
68
70
70
67
70
67
67
51
53
52
65
64
66
66
67
68
72
67
69
66
68
67
76
72
71
69
70
68
72
72
67
62
62
62
67
69
67
70
69
67
70
70
67
64
62
63
70
67
67
70
67
67
70
70
68
70
68
69
69
68
68
70
70
68
71
70
68
69
70
68
65
67
67
70
68
68
70
71
68
70
70
68
71
67
67
70
72
68
70
66
68
70
66
67
72
67
68
77
74
73
73
69
67
70
70
67
70
70
67
71
70
69
70
67
67
70
69
68
70
70
68
72
70
68
70
69
67
71
70
67
70
69
67
69
70
70
70
68
67
70
70
67
66
70
69
70
71
67
72
72
72
70
71
67
69
70
67
70
72
67
70
70
69
70
70
67
73
69
67
69
68
66
70
70
67
73
71
69
72
71
66
63
66
66
70
70
67
70
70
69
70
69
67
70
69
70
70
70
67
70
70
68
69
68
66
73
70
67
71
68
68
81
80
77
69
71
69
70
71
67
70
69
67
70
71
67
71
71
72
70
69
67
72
69
70
69
70
70
70
70
68
70
70
69
69
69
70
70
68
67
71
69
69
70
70
71
70
70
69
70
71
71
70
69
70
70
71
69
69
70
67
70
71
70
70
70
67
70
70
70
70
70
67
70
71
70
70
71
67
69
70
71
72
70
71
70
71
69
68
68
70
71
70
70
70
71
70
71
71
70
69
69
71
70
70
70
70
69
72
70
70
70
69
70
70
70
73
70
69
68
70
70
68
70
70
70
71
69
70
70
68
70
70
70
71
69
68
70
71
70
70
70
70
71
71
69
71
70
71
71
68
69
70
69
70
69
71
70
70
69
70
70
69
72
72
68
70
69
69
75
73
72
70
70
69
68
69
70
70
70
69
69
70
70
70
71
70
70
68
70
69
69
70
73
69
74
68
70
72
69
70
69
70
70
70
70
70
70
70
68
71
70
71
70
69
70
70
69
69
70
67
73
69
70
70
70
68
70
68
70
71
70
69
70
70
70
68
70
68
69
71
67
70
73
71
70
72
70
73
71
70
71
72
69
70
70
69
69
69
70
68
70
70
70
70
70
71
73
72
70
69
69
69
70
70
67
71
73
67
69
72
68
71
69
68
69
68
70
70
70
69
71
72
71
70
70
69
69
70
68
70
70
69
70
69
68
70
69
67
70
71
73
72
70
69
69
68
69
70
69
68
74
68
68
69
70
71
68
71
70
69
74
72
74
70
70
71
69
68
70
69
68
74
70
70
70
69
68
70
72
69
70
70
68
70
70
69
69
70
69
70
70
72
69
70
70
70
67
69
69
70
69
70
70
70
70
69
69
70
68
68
70
70
70
71
70
70
72
71
72
68
71
72
70
69
69
70
69
73
69
70
69
69
70
70
70
69
73
70
70
70
70
71
72
70
69
71
70
70
68
70
68
71
69
69
72
69
76
74
73
73
72
73
70
68
70
70
69
70
70
69
70
68
68
68
73
69
69
69
72
69
70
73
74
68
69
70
70
69
69
69
71
74
68
69
70
70
70
69
65
66
66
69
73
68
69
70
73
69
70
69
69
72
70
67
71
70
70
68
70
68
69
70
71
72
75
69
72
71
70
72
70
71
70
73
70
72
70
69
69
68
68
70
73
68
71
70
69
70
70
71
70
69
70
69
70
71
69
70
71
72
75
70
73
74
69
68
69
69
70
70
73
71
71
70
70
70
71
69
70
70
69
69
72
72
74
70
69
68
68
72
71
70
70
70
73
68
70
71
71
75
69
72
74
70
70
70
70
73
68
70
68
72
72
73
73
68
70
74
69
70
71
69
69
70
69
70
71
73
70
70
68
71
68
70
69
72
70
71
70
74
74
73
73
73
70
68
71
70
71
69
74
73
70
72
68
68
70
72
69
70
69
71
72
69
70
72
74
74
73
73
70
73
70
69
69
72
72
72
73
71
75
72
73
70
69
71
70
72
69
70
71
70
69
74
68
71
73
70
70
71
71
74
70
69
70
69
69
70
69
68
74
68
68
70
68
73
70
71
69
71
73
68
69
70
68
70
72
71
77
68
72
72
71
68
71
73
71
72
71
71
71
69
72
69
72
68
70
72
72
71
68
69
69
72
72
70
68
70
67
71
68
70
72
72
71
75
72
75
72
71
74
72
68
70
71
74
70
70
70
70
74
71
72
72
71
70
69
67
69
72
71
74
71
69
69
73
71
73
73
73
73
70
71
73
71
68
69
74
73
72
68
69
70
71
72
74
67
70
73
73
71
70
71
70
72
72
72
72
72
69
70
72
68
71
68
71
70
71
69
74
69
67
74
73
71
69
71
68
70
72
74
74
69
69
74
70
72
69
71
73
74
72
70
68
72
71
75
68
72
72
70
71
70
71
73
70
73
71
69
71
69
73
70
68
68
68
69
73
73
72
69
71
69
70
72
70
70
73
71
68
72
72
70
73
71
73
71
74
70
71
69
71
72
74
74
69
71
69
71
71
70
71
69
69
68
68
69
72
73
69
71
72
70
68
70
70
71
69
69
68
68
70
69
71
73
70
74
71
71
71
68
68
72
74
70
69
69
73
70
70
71
68
69
68
71
72
71
72
70
