Default maxiter = 1024; set to maxiter = 4096 
314
321
311
321
328
334
336
335
344
351
355
352
355
354
366
367
363
364
363
368
364
365
366
366
361
363
360
363
360
360
365
364
368
364
371
362
363
362
364
369
368
371
379
385
374
379
388
383
389
386
392
398
399
394
410
406
404
420
411
417
423
423
419
428
430
429
434
438
437
428
430
430
426
422
417
409
411
409
397
395
403
383
372
377
358
354
353
315
315
318
279
281
281
237
242
237
203
202
204
172
175
173
155
154
152
139
138
138
128
125
126
116
115
115
109
109
108
104
107
106
102
101
101
99
100
102
100
98
102
98
97
99
96
97
97
94
97
93
92
93
93
90
91
92
89
90
92
87
89
88
88
88
85
86
83
86
86
84
83
85
82
81
81
79
81
79
80
78
80
78
80
76
78
78
76
76
76
76
75
76
75
75
75
76
75
75
74
76
76
76
74
74
76
75
75
75
75
77
76
77
75
77
76
76
76
75
74
73
74
75
72
75
74
75
76
74
74
76
74
73
75
75
75
75
73
74
75
75
75
73
75
74
73
73
75
73
73
75
73
71
72
74
73
72
73
73
71
73
73
72
71
71
71
71
71
72
73
71
73
70
71
72
71
70
71
71
70
72
71
72
71
71
71
70
73
70
69
73
70
69
69
71
71
68
69
71
71
69
69
68
69
69
70
71
71
68
70
68
69
71
70
69
69
68
69
69
67
69
68
68
67
69
68
68
68
67
67
67
67
69
67
67
68
67
68
67
68
67
67
68
67
67
67
67
68
67
69
66
68
67
67
67
67
67
67
67
67
67
67
67
66
68
68
67
66
68
66
67
66
67
66
67
66
67
67
66
66
66
66
66
67
67
67
66
67
67
66
66
66
67
66
66
66
66
66
66
67
67
67
66
66
66
66
66
66
66
66
66
67
66
67
67
66
66
66
66
66
66
66
66
66
66
66
66
66
67
66
65
67
66
66
66
66
66
66
66
66
66
66
66
66
66
66
66
65
66
67
66
66
66
66
65
66
66
66
66
66
66
66
66
66
66
65
66
66
66
66
66
66
65
66
66
66
66
66
66
66
66
66
66
66
66
66
66
66
66
65
66
66
66
65
66
66
66
66
66
66
66
66
66
66
66
66
66
66
66
66
66
66
66
66
65
65
66
66
66
66
66
66
66
66
66
66
66
66
65
65
65
66
66
66
65
65
66
66
66
66
65
66
65
65
65
65
66
65
65
65
66
66
65
65
65
66
65
65
66
66
64
64
65
65
65
64
65
65
65
65
64
65
65
65
65
65
64
65
65
65
66
65
65
65
66
66
65
65
65
65
66
65
66
65
64
66
65
64
65
65
65
64
64
65
65
65
64
65
64
66
65
65
65
65
64
64
65
65
65
65
65
65
64
65
66
65
65
65
65
65
65
65
65
65
65
65
64
64
65
65
65
65
64
65
65
65
65
64
65
66
65
65
64
64
65
65
64
64
63
65
65
64
65
65
65
65
65
65
65
65
64
65
65
64
63
64
64
64
65
65
64
65
64
64
64
65
63
63
63
65
63
65
64
65
63
65
64
65
65
64
64
63
64
63
63
65
65
66
63
65
65
65
64
65
65
63
65
64
63
65
63
64
65
65
64
64
63
63
64
65
64
65
63
62
63
65
63
64
64
63
63
64
64
63
63
63
63
63
64
62
64
63
64
63
63
64
64
64
64
63
63
64
63
65
64
64
64
64
63
65
64
65
63
64
63
65
63
63
64
63
63
63
63
64
63
65
64
62
64
62
63
64
64
63
63
64
62
62
64
63
63
63
63
63
64
64
62
65
64
63
62
64
63
64
63
64
63
65
63
64
64
65
63
63
63
64
63
64
63
63
64
63
65
63
62
63
63
63
65
63
62
63
63
63
64
63
63
64
62
63
63
63
63
63
65
63
63
63
64
62
64
64
63
62
62
63
62
63
63
64
63
63
63
63
64
63
64
63
63
63
63
63
63
61
62
63
62
63
61
62
63
64
64
63
63
64
63
62
62
63
62
61
63
62
63
63
63
63
63
63
61
63
63
62
62
64
62
64
63
62
63
63
62
63
61
61
63
62
63
63
63
63
62
63
63
63
62
63
63
63
63
62
64
63
61
61
61
63
62
63
63
62
63
63
64
63
63
61
63
62
62
63
61
63
62
63
63
62
62
61
63
63
63
64
62
62
61
63
63
61
63
63
62
63
63
62
63
62
63
63
62
62
61
64
63
64
64
62
61
62
61
61
63
63
62
63
63
61
62
61
61
63
63
63
64
63
64
61
63
62
62
61
61
62
63
63
62
61
62
63
63
63
61
63
61
61
63
63
62
63
61
63
63
61
61
61
62
61
63
61
61
61
61
63
61
64
62
63
62
61
63
61
64
63
62
62
61
63
63
63
61
61
62
62
61
63
62
60
61
61
63
61
63
63
61
63
61
63
64
61
61
62
62
62
61
61
61
63
61
61
62
63
62
61
62
61
61
61
62
61
63
62
62
61
62
61
62
61
61
62
61
61
63
61
61
61
61
61
61
62
61
61
62
61
63
63
61
63
62
61
61
62
63
62
62
63
61
61
60
61
61
63
61
61
64
61
62
62
61
61
61
61
64
61
64
61
61
61
62
61
62
61
61
63
61
62
61
61
61
61
61
61
62
62
61
61
61
61
61
63
63
61
61
61
61
61
61
61
61
61
61
61
61
61
61
61
61
61
63
63
61
62
61
61
63
62
61
61
61
64
61
62
62
61
61
63
61
61
61
63
62
61
61
63
63
61
61
61
62
62
62
63
61
61
61
62
61
61
61
61
61
62
61
61
60
61
61
61
61
61
62
61
61
62
61
61
61
61
62
61
61
61
61
61
62
62
61
61
61
61
60
61
61
61
61
62
60
61
62
60
61
61
60
61
60
61
61
61
61
61
61
61
61
62
61
61
60
61
61
61
61
61
61
60
61
61
61
61
60
61
62
61
60
61
61
61
60
61
61
60
60
61
61
61
61
61
61
61
61
60
61
61
60
62
61
61
62
61
61
61
60
61
61
61
61
63
60
60
61
61
62
61
61
60
60
60
60
60
60
60
60
60
62
61
61
61
60
60
61
61
62
60
60
60
61
61
61
61
61
61
61
60
60
61
61
61
60
61
61
60
60
60
61
60
60
60
61
61
61
60
61
60
61
60
61
60
60
60
61
61
60
61
60
61
60
60
61
62
60
61
62
60
61
61
61
60
60
62
61
60
61
62
60
61
61
61
61
60
61
60
60
62
61
60
60
61
60
60
60
60
60
61
61
60
61
61
61
61
61
61
60
60
61
60
60
60
60
60
60
62
60
60
60
61
60
60
61
61
60
61
61
62
61
62
61
61
61
60
60
60
61
60
60
61
60
62
61
60
60
60
60
60
61
61
61
61
60
61
60
61
61
61
61
60
61
61
61
60
61
60
60
60
60
61
60
60
60
60
60
61
61
60
61
61
60
62
60
61
61
61
61
60
61
61
60
60
61
60
60
61
61
60
60
60
60
60
60
61
60
60
60
60
61
61
60
60
61
60
60
60
60
60
60
61
60
60
60
61
60
60
61
60
60
60
60
61
60
60
60
60
60
59
61
59
60
60
61
60
60
60
59
62
60
60
60
60
60
60
60
60
60
59
60
60
60
60
60
60
60
61
59
60
60
60
61
61
60
60
61
60
60
60
60
60
59
61
60
60
60
60
61
60
60
60
60
60
60
60
61
60
60
61
60
60
61
60
61
60
60
60
60
60
61
60
60
60
60
60
61
60
60
60
60
60
60
60
60
60
60
60
60
60
60
60
60
60
60
60
59
60
60
60
60
60
60
60
60
60
60
60
61
60
60
61
60
60
60
59
60
60
60
60
60
60
60
60
60
60
60
60
60
60
60
60
60
60
61
60
60
60
60
60
60
60
60
59
60
60
60
60
60
61
60
60
60
61
60
60
60
60
59
59
60
60
60
60
60
60
60
60
60
61
60
59
60
60
60
60
60
60
60
60
60
60
60
60
60
60
60
60
60
60
60
61
60
60
60
60
60
60
60
60
60
60
60
59
60
60
60
60
60
60
60
60
60
60
60
60
60
60
60
60
60
60
60
60
60
60
60
60
60
60
60
60
60
60
60
60
59
60
59
60
60
60
61
60
60
60
59
60
60
60
60
60
60
60
60
60
60
60
60
60
60
60
60
60
59
61
60
60
60
60
60
60
60
60
60
60
60
60
60
60
60
60
60
60
60
60
60
59
60
60
59
61
60
59
60
60
60
60
60
59
60
60
60
60
59
60
60
60
60
60
58
60
60
60
60
60
59
60
60
60
60
60
60
60
60
60
60
60
60
60
60
60
60
60
60
60
60
60
60
60
60
60
60
60
60
60
60
60
59
60
60
60
60
60
60
60
60
60
60
60
60
60
60
60
60
60
60
60
60
60
60
59
60
60
61
60
60
60
60
60
60
60
60
60
60
60
61
60
60
60
60
60
60
60
60
60
60
60
60
60
60
60
59
60
60
60
60
60
60
60
60
60
58
60
60
60
60
60
60
59
59
60
60
59
60
60
60
60
60
60
59
60
60
60
59
60
60
59
60
59
61
59
59
60
60
60
60
59
60
60
59
60
60
59
60
60
60
60
60
60
60
60
60
60
60
60
60
60
60
60
60
60
59
60
60
60
60
60
60
60
60
60
60
60
60
60
60
60
60
60
59
60
59
60
59
60
60
60
59
60
60
60
60
60
60
60
60
60
60
59
60
60
60
60
60
60
60
60
59
60
60
59
59
60
60
60
60
60
60
59
60
60
60
60
60
59
60
60
59
60
60
60
60
59
59
60
60
60
60
60
58
60
60
60
60
60
60
60
60
60
59
60
59
60
60
60
60
60
60
60
60
60
60
59
60
60
60
60
59
60
60
60
59
60
60
60
59
60
60
60
60
60
59
60
59
60
60
60
60
61
60
61
60
60
60
60
60
60
60
60
60
60
59
60
60
60
60
60
60
60
60
60
60
60
60
60
60
60
60
59
59
59
59
61
60
60
60
60
60
60
60
60
60
59
60
59
60
61
60
59
60
60
60
59
59
60
60
60
59
60
59
60
60
59
60
59
60
60
60
59
59
60
60
60
60
60
60
60
60
59
60
60
60
59
60
59
60
60
58
59
60
60
59
59
60
58
60
60
60
60
60
60
60
60
60
59
60
60
60
60
59
60
59
60
60
60
60
60
60
60
60
60
59
60
59
60
60
59
60
59
60
60
60
60
60
60
60
60
60
60
60
60
60
60
60
60
60
60
60
60
59
59
59
60
60
60
60
60
60
60
59
60
60
59
59
59
60
60
60
59
59
59
60
59
59
60
59
59
60
60
60
59
60
60
60
60
60
60
59
60
60
60
58
60
60
59
60
60
60
60
60
60
59
60
60
60
60
60
59
59
60
60
60
60
60
59
59
60
60
60
59
60
60
59
59
59
60
60
60
60
60
59
60
59
60
60
59
59
58
59
60
60
60
59
59
60
60
59
59
60
59
60
59
60
60
59
60
59
59
60
60
60
59
60
59
60
58
60
59
60
60
60
60
60
57
60
59
60
58
60
59
60
59
59
60
59
60
60
60
59
60
60
60
59
59
59
60
59
59
60
59
60
59
60
60
60
60
60
58
60
59
60
60
60
60
58
60
60
60
59
60
58
60
60
60
60
59
59
59
60
59
60
59
58
60
59
59
59
59
60
59
58
60
60
60
60
60
60
59
57
60
59
60
60
60
59
60
60
60
58
58
59
59
59
59
59
60
60
60
59
60
60
59
60
58
59
58
60
59
59
60
60
60
60
60
60
58
60
59
59
60
60
60
59
60
60
60
59
57
60
60
59
60
60
59
60
59
59
60
58
60
60
59
60
58
59
60
60
59
59
60
60
60
60
60
60
60
59
60
59
60
60
60
59
60
59
59
59
59
58
59
60
59
59
60
59
60
60
58
59
58
60
58
59
60
60
60
59
60
59
59
58
60
60
58
59
60
59
60
60
60
60
60
60
60
60
59
60
59
60
60
59
58
58
60
59
59
59
60
59
60
60
60
59
59
57
59
60
60
60
60
60
59
60
60
59
60
60
60
60
59
59
60
60
59
58
59
60
60
60
60
57
59
59
60
60
60
59
58
60
59
58
59
59
60
59
60
58
58
59
59
58
60
60
60
60
59
60
59
60
60
59
60
59
57
58
59
60
60
60
59
59
58
59
59
60
60
60
59
60
58
58
59
60
59
59
58
60
58
59
60
60
59
60
60
60
60
59
60
59
60
59
60
60
60
59
59
60
59
59
58
60
59
60
60
60
60
59
59
60
60
59
59
60
58
60
60
60
59
60
59
60
59
60
59
60
59
60
60
59
59
59
59
60
60
59
60
59
59
60
60
59
59
58
60
59
59
60
59
59
58
59
60
59
60
59
59
59
60
60
59
60
58
60
59
59
60
59
60
60
59
60
60
59
59
59
59
60
60
59
60
59
60
59
59
60
59
59
59
60
59
60
60
60
60
58
60
58
60
60
60
58
60
60
60
60
60
59
59
60
60
60
59
59
60
59
59
60
60
60
59
60
58
60
60
60
60
60
59
59
60
59
59
60
60
60
59
59
60
60
57
60
59
59
60
59
60
60
58
60
60
60
59
60
60
60
59
60
59
59
59
58
58
59
59
60
59
60
58
60
60
60
60
59
60
59
60
60
59
59
59
59
60
59
60
60
60
59
59
60
59
60
59
60
59
60
60
60
60
60
58
59
58
60
60
59
60
58
60
59
58
60
60
60
60
59
60
59
59
59
59
60
59
59
60
60
60
60
60
59
59
59
59
58
59
60
58
60
59
58
58
59
59
59
58
60
60
59
60
59
60
60
60
60
59
60
58
58
59
60
60
59
60
60
60
58
58
59
59
59
60
59
60
60
60
59
59
59
59
58
58
58
59
59
57
58
59
59
59
60
60
60
59
59
58
60
59
58
59
60
59
59
58
60
60
58
58
60
60
60
59
60
59
59
59
58
60
58
58
60
60
59
58
58
59
59
58
59
60
60
58
59
58
60
59
59
59
59
59
59
60
60
60
59
59
60
59
59
60
58
59
58
59
60
59
59
60
60
59
58
59
60
58
59
59
60
59
60
58
60
58
60
58
59
60
60
59
59
60
59
59
60
59
58
60
60
59
59
60
60
60
59
59
60
59
58
58
59
60
59
60
58
58
60
59
58
60
59
59
59
60
59
60
58
59
60
59
58
60
59
59
59
59
60
58
60
58
60
58
60
58
59
59
59
60
58
60
59
59
59
60
58
60
60
60
60
59
59
60
60
60
60
60
59
60
58
59
60
60
59
59
58
60
60
59
60
59
60
59
59
60
59
60
59
59
59
59
59
58
58
59
60
59
59
59
58
60
57
59
60
58
59
60
58
59
60
60
58
60
59
60
59
58
60
58
59
60
60
58
58
59
59
58
60
58
60
60
58
59
59
60
59
60
59
58
60
60
59
60
59
58
59
58
60
59
58
60
59
59
59
58
60
58
58
59
59
58
59
60
60
60
59
58
59
58
60
60
58
59
58
60
58
60
59
60
58
58
59
58
60
58
60
60
60
58
59
60
58
58
58
60
58
59
58
60
60
58
58
59
60
59
60
59
59
60
60
60
58
59
60
59
59
59
60
58
60
59
59
58
60
60
58
59
60
59
59
59
59
59
60
59
60
59
60
60
59
60
59
59
58
59
59
60
58
59
59
59
60
58
60
58
58
58
59
59
58
59
59
59
59
59
59
60
60
59
59
59
58
59
59
59
58
60
58
59
60
60
58
59
60
59
57
58
59
59
58
58
58
58
60
59
58
58
58
59
60
60
60
59
60
58
58
59
58
58
59
58
58
60
58
60
60
60
59
59
60
60
58
58
59
58
58
58
60
58
59
58
59
58
59
59
60
60
58
60
59
58
58
58
59
59
60
59
58
58
59
59
59
60
60
58
60
59
60
60
58
59
59
59
59
58
59
58
58
60
58
58
59
59
58
58
58
60
60
58
59
60
59
58
59
59
60
58
60
58
58
58
58
59
58
60
59
58
59
59
59
58
58
60
60
58
60
58
59
59
58
59
59
59
59
59
58
59
59
59
59
60
59
59
59
58
60
59
59
60
59
59
57
59
59
58
59
57
60
60
58
59
59
60
58
60
58
57
58
59
58
60
60
60
60
58
59
59
58
60
60
58
60
58
60
59
57
58
59
59
58
58
58
59
58
58
59
60
59
59
60
59
58
60
58
59
59
57
58
58
58
58
59
60
59
59
58
60
59
58
60
59
58
59
58
60
59
59
59
59
58
59
59
59
57
58
58
59
59
58
58
58
58
60
58
60
58
59
60
60
59
59
60
59
59
59
58
58
59
58
59
59
59
59
59
59
58
59
59
59
59
59
60
58
59
59
59
57
59
60
59
60
58
60
60
58
57
59
60
59
60
57
59
60
59
59
58
60
59
58
60
58
58
59
59
60
59
58
59
60
58
58
58
58
58
60
59
58
58
59
60
58
57
59
58
59
59
58
59
60
59
59
58
59
59
58
59
59
59
59
60
59
59
59
59
59
58
58
60
59
58
60
58
58
58
58
57
60
59
60
59
59
59
59
58
60
59
58
59
58
59
58
58
59
59
60
57
60
60
60
60
58
58
59
59
58
59
58
58
59
58
59
60
59
58
59
57
59
60
58
59
58
60
58
57
58
58
58
58
59
58
59
59
59
59
58
58
59
59
58
59
58
58
58
59
59
59
59
58
58
58
58
58
60
59
58
60
58
59
59
59
59
58
58
58
59
59
58
60
59
59
60
58
59
59
60
59
59
58
59
58
59
60
60
58
58
59
59
60
60
59
59
59
59
59
60
58
59
59
60
60
58
58
59
59
60
59
58
59
58
60
59
59
60
59
60
57
59
59
58
59
59
60
59
60
58
59
60
58
58
58
58
58
57
58
60
58
60
59
60
59
59
58
60
59
60
58
58
59
60
58
60
59
59
58
58
59
58
59
59
59
58
60
58
58
58
59
59
60
59
60
59
59
58
60
59
60
59
59
58
59
58
59
60
58
58
58
59
60
58
59
59
60
57
59
59
60
59
58
58
60
59
59
59
60
57
59
59
58
59
58
58
60
59
59
60
58
59
58
59
60
58
58
59
59
58
59
58
58
58
59
58
59
60
59
57
59
58
59
59
60
59
59
59
59
59
60
59
60
60
60
58
60
58
59
59
59
59
59
59
59
59
59
59
59
59
58
57
58
58
58
59
57
58
59
60
58
58
59
58
60
58
60
58
60
59
59
59
59
59
58
60
59
58
60
59
57
59
59
60
59
57
58
58
58
60
59
58
59
60
60
58
58
58
59
59
57
60
60
59
60
59
58
58
58
59
58
59
59
57
59
57
59
60
58
59
59
59
58
60
57
58
59
60
58
58
59
58
58
59
59
60
58
60
59
59
58
59
57
58
58
58
60
59
58
59
57
60
59
59
58
59
59
59
58
58
59
58
58
59
58
58
58
60
59
59
57
59
58
59
59
59
58
58
58
58
60
59
58
59
57
59
58
59
59
59
58
58
58
58
58
60
59
59
58
59
59
59
58
60
59
58
59
58
58
59
59
59
58
58
59
59
59
59
58
60
58
58
59
59
60
58
60
60
59
59
59
58
59
58
58
59
59
58
59
57
59
60
58
59
58
58
57
58
58
58
58
58
57
59
59
59
60
58
58
60
60
58
57
60
59
60
58
58
60
58
59
59
58
58
58
59
60
59
59
58
60
58
60
60
58
59
59
59
57
60
59
60
58
58
59
59
59
58
58
59
59
57
60
58
57
59
59
58
60
59
59
58
57
58
59
57
59
60
59
59
59
59
59
59
60
60
59
59
58
58
60
59
59
59
58
58
59
59
58
60
60
58
59
58
60
60
58
60
60
58
59
59
59
58
58
58
59
60
57
58
60
58
60
60
59
60
59
60
59
58
58
59
58
59
60
58
59
59
59
59
58
58
59
59
58
59
58
59
58
59
59
58
59
59
58
58
59
60
59
59
59
58
58
58
59
59
58
60
59
59
58
60
59
58
58
58
58
60
59
58
59
58
60
59
58
59
59
58
59
58
59
59
59
58
60
58
59
58
58
59
58
57
58
59
58
58
60
60
58
58
60
58
59
59
57
58
58
59
60
59
58
60
60
59
59
58
59
58
60
58
59
58
60
59
58
60
59
60
58
59
58
58
59
58
59
59
57
58
59
58
59
59
59
58
58
58
58
57
60
60
59
60
59
59
58
59
58
59
58
59
60
59
59
58
58
59
58
58
60
60
59
58
58
58
58
58
59
58
59
60
59
60
59
58
59
58
59
60
59
58
60
59
58
59
59
58
58
59
59
60
58
58
59
58
60
59
58
59
59
58
58
58
59
58
59
60
59
60
60
58
58
59
58
57
58
60
59
59
58
59
58
59
59
58
58
58
58
60
58
59
60
59
58
58
58
58
59
58
59
58
60
58
60
59
59
58
58
59
59
59
60
59
58
58
58
59
59
59
59
58
58
60
58
58
58
58
58
58
59
59
58
59
58
59
58
59
60
58
58
60
58
58
59
59
58
59
59
59
58
59
60
60
59
60
59
60
57
58
58
60
59
60
60
59
60
59
59
60
59
58
60
58
58
57
58
59
58
59
58
57
58
58
58
59
60
58
59
57
58
58
58
58
59
58
57
60
59
60
59
60
59
59
59
58
60
58
58
60
60
58
60
60
58
59
59
59
59
59
57
60
57
59
58
58
58
59
58
59
60
59
58
58
58
58
60
59
58
58
57
60
58
60
59
58
57
58
58
58
59
59
57
59
59
58
58
58
59
59
57
58
59
58
58
60
59
59
59
58
59
58
59
60
58
60
57
58
58
58
60
59
60
58
59
58
58
58
59
57
59
59
58
58
58
58
59
58
58
59
59
58
59
59
58
58
57
58
58
58
58
58
58
58
59
59
60
59
58
58
59
58
58
59
59
58
60
58
60
60
58
60
58
58
59
58
58
59
59
57
60
59
58
58
60
60
58
59
60
58
60
59
59
58
60
59
59
58
60
59
60
58
58
58
58
59
59
58
59
60
59
58
58
58
59
58
58
58
59
58
60
60
59
59
59
59
58
58
59
58
59
58
58
58
59
58
58
59
59
57
58
58
59
58
58
58
59
58
59
58
58
58
58
59
59
58
58
58
58
60
58
59
58
58
59
59
59
58
60
57
58
58
60
59
59
58
58
58
58
58
59
59
60
59
58
58
59
58
58
59
59
59
59
60
59
58
58
58
59
60
59
59
58
59
59
59
60
58
59
58
59
58
59
58
60
58
57
58
59
58
59
60
60
60
59
59
59
58
58
59
58
58
58
58
58
60
57
58
59
58
59
58
58
60
57
58
59
60
58
58
57
59
59
60
59
60
60
59
60
60
58
58
58
60
59
60
60
58
59
60
58
59
59
58
58
60
58
60
59
59
59
58
58
57
59
57
58
58
58
58
59
59
58
60
58
58
58
59
59
58
59
59
60
58
58
59
58
60
59
58
58
59
59
59
58
59
58
58
60
58
58
58
58
60
58
59
58
60
58
59
60
58
58
58
58
59
57
58
58
59
59
60
58
58
59
59
59
60
58
59
58
60
59
59
59
59
58
59
59
58
58
59
58
58
58
60
59
58
59
58
59
59
60
59
59
59
57
59
59
59
59
57
58
59
58
59
58
57
60
58
59
59
59
59
60
59
59
58
58
59
59
58
59
60
59
59
58
58
57
59
56
58
57
58
59
60
58
58
60
58
59
60
59
59
58
58
57
58
58
58
58
58
59
57
57
58
58
58
59
58
58
56
58
58
58
58
59
58
60
59
58
59
59
58
58
57
58
58
58
59
59
59
57
58
58
59
59
58
59
59
58
58
59
59
59
59
59
58
58
57
57
59
57
58
59
58
58
59
58
58
59
60
60
58
59
58
59
59
58
60
60
57
59
58
60
60
59
58
60
58
59
60
58
60
59
58
59
59
59
60
59
59
58
58
58
59
59
58
58
59
59
59
59
59
58
58
58
58
59
58
60
58
59
60
56
60
58
58
58
58
59
59
58
59
58
58
59
58
59
58
59
59
59
57
58
58
58
58
57
59
59
59
58
58
60
59
58
58
59
59
59
59
58
59
59
58
57
58
58
58
57
59
58
58
59
60
58
58
58
60
58
60
58
59
58
58
59
59
60
58
58
58
58
58
58
60
59
60
60
58
60
58
58
58
58
59
59
58
58
58
59
59
59
59
59
58
58
59
60
58
60
58
58
58
59
60
59
58
59
58
58
60
59
59
60
58
60
58
58
58
58
60
59
58
58
59
57
58
59
59
58
58
58
59
59
58
59
59
60
60
59
59
59
58
58
59
58
58
59
58
58
60
60
58
58
58
59
59
59
58
60
58
59
59
59
59
58
58
59
60
58
59
58
57
58
58
58
58
58
58
58
57
59
59
60
58
59
59
58
58
59
58
58
58
60
58
58
58
60
59
58
58
59
59
57
58
59
60
59
58
59
58
60
58
59
59
58
60
58
58
58
60
59
60
58
59
58
59
60
60
59
59
59
58
58
58
59
58
58
59
59
59
59
58
60
58
58
58
59
60
60
59
60
59
60
58
59
58
59
59
58
59
58
58
57
59
58
59
59
58
58
58
58
58
59
58
59
59
59
59
59
60
58
59
59
58
57
59
58
59
60
60
60
59
59
59
57
60
59
57
58
58
59
59
58
60
58
59
58
58
58
58
57
58
58
59
58
59
58
58
58
58
58
58
57
58
58
59
59
58
59
58
59
57
59
56
59
59
58
58
59
58
58
58
58
59
58
58
58
59
58
58
59
58
57
58
57
59
58
59
58
57
59
58
59
58
58
58
58
59
58
59
59
59
59
58
59
58
59
59
59
59
58
58
59
58
59
58
59
57
59
59
58
59
60
58
60
59
58
57
58
58
58
58
59
58
59
60
58
58
60
59
58
59
58
59
57
58
59
59
58
60
59
59
58
59
59
59
57
59
57
60
58
60
59
58
58
58
58
58
59
58
58
58
58
58
60
59
59
59
59
60
57
58
60
59
58
58
58
58
60
58
56
58
58
60
58
59
59
58
58
59
60
58
60
59
58
59
59
57
58
57
57
59
58
58
59
60
59
59
59
58
58
58
58
60
57
58
59
59
58
60
59
59
58
59
59
59
57
59
58
59
58
59
59
57
59
58
59
60
60
59
59
59
59
60
60
58
59
58
59
59
60
58
59
59
58
58
58
57
58
58
59
58
57
58
58
58
59
58
58
57
58
59
58
59
60
57
59
57
60
58
60
58
59
59
58
58
60
58
60
58
60
59
59
60
59
58
58
57
59
59
58
59
59
59
59
60
58
59
58
59
59
58
59
58
60
59
59
59
59
59
58
59
59
58
59
60
57
59
59
58
58
58
58
60
59
59
57
58
59
59
58
58
58
58
59
58
59
58
59
58
60
58
59
59
60
57
58
59
58
60
58
59
59
60
59
58
58
58
58
58
