Default maxiter = 1024; set to maxiter = 4096 
18
19
18
18
19
18
18
18
18
18
18
19
19
18
18
18
18
18
66
66
65
38
37
37
65
64
65
4096
4096
4096
4096
4096
4096
4096
4096
4096
71
71
71
4096
4096
4096
87
85
89
60
59
60
80
79
79
83
82
85
87
84
86
84
85
85
4096
4096
4096
106
106
107
88
85
88
88
86
89
4096
4096
4096
95
96
96
40
40
41
48
47
47
66
66
66
80
81
81
86
85
87
102
104
106
76
75
76
87
88
89
89
88
90
98
97
98
69
69
70
76
75
77
149
148
148
84
85
85
186
183
187
93
93
92
129
133
129
80
78
80
96
95
96
100
99
99
156
156
158
104
105
106
193
187
192
112
110
111
135
135
133
66
65
65
86
86
84
107
106
108
112
107
110
124
124
123
110
111
112
117
116
116
126
124
128
80
78
79
91
92
91
113
111
113
121
118
119
122
120
123
128
124
127
191
191
194
135
134
135
111
110
110
121
120
120
132
128
132
135
131
131
136
132
133
141
139
137
139
133
136
139
136
139
137
133
134
142
138
136
138
133
139
153
158
157
143
140
140
138
135
138
138
134
138
145
139
142
147
143
143
142
140
140
145
140
142
146
139
142
145
144
145
237
236
237
155
154
156
148
144
145
140
141
140
146
144
144
148
147
150
146
144
143
145
147
146
147
146
146
145
148
147
151
148
148
149
149
146
