Default maxiter = 1024; set to maxiter = 4096 
11.0
13.0
12.0
51.0
51.0
51.0
69.0
69.0
69.0
82.0
82.0
82.0
93.0
92.0
91.0
98.0
98.0
99.0
106.0
103.0
101.0
106.0
107.0
110.0
110.0
109.0
110.0
112.0
111.0
110.0
112.0
112.0
113.0
115.0
115.0
109.0
113.0
111.0
112.0
113.0
115.0
117.0
113.0
114.0
113.0
114.0
115.0
113.0
112.0
113.0
113.0
116.0
115.0
113.0
113.0
113.0
114.0
112.0
113.0
110.0
112.0
110.0
114.0
111.0
110.0
112.0
114.0
110.0
112.0
110.0
114.0
110.0
113.0
110.0
109.0
114.0
111.0
111.0
113.0
108.0
113.0
112.0
113.0
112.0
109.0
111.0
110.0
111.0
110.0
111.0
112.0
109.0
111.0
108.0
108.0
108.0
113.0
108.0
109.0
110.0
112.0
114.0
107.0
109.0
108.0
107.0
112.0
108.0
107.0
110.0
106.0
109.0
106.0
111.0
106.0
110.0
107.0
111.0
106.0
110.0
110.0
110.0
108.0
109.0
110.0
107.0
109.0
109.0
108.0
106.0
106.0
108.0
110.0
110.0
111.0
108.0
107.0
110.0
106.0
108.0
107.0
106.0
107.0
110.0
112.0
108.0
111.0
110.0
107.0
111.0
110.0
108.0
108.0
112.0
107.0
112.0
108.0
110.0
108.0
112.0
108.0
113.0
108.0
108.0
107.0
106.0
109.0
107.0
108.0
105.0
107.0
104.0
105.0
104.0
103.0
106.0
106.0
104.0
105.0
105.0
104.0
104.0
105.0
101.0
104.0
102.0
106.0
103.0
101.0
103.0
106.0
105.0
102.0
104.0
106.0
102.0
101.0
105.0
104.0
105.0
103.0
102.0
102.0
101.0
100.0
102.0
101.0
100.0
100.0
102.0
99.0
101.0
100.0
96.0
100.0
100.0
96.0
101.0
100.0
98.0
100.0
97.0
95.0
99.0
96.0
97.0
95.0
96.0
96.0
96.0
94.0
96.0
92.0
96.0
91.0
94.0
92.0
93.0
90.0
92.0
89.0
91.0
90.0
90.0
86.0
86.0
86.0
85.0
87.0
85.0
85.0
87.0
88.0
85.0
85.0
84.0
86.0
85.0
86.0
86.0
84.0
83.0
83.0
83.0
84.0
81.0
82.0
83.0
81.0
81.0
80.0
81.0
79.0
79.0
81.0
79.0
78.0
79.0
78.0
79.0
80.0
79.0
77.0
76.0
79.0
76.0
78.0
77.0
75.0
75.0
77.0
75.0
75.0
76.0
75.0
75.0
74.0
74.0
74.0
74.0
73.0
75.0
74.0
72.0
71.0
72.0
72.0
71.0
69.0
70.0
71.0
71.0
71.0
70.0
71.0
71.0
70.0
70.0
69.0
69.0
70.0
68.0
70.0
69.0
69.0
69.0
66.0
67.0
69.0
69.0
69.0
69.0
69.0
70.0
68.0
65.0
69.0
65.0
67.0
67.0
67.0
67.0
64.0
66.0
64.0
63.0
64.0
66.0
65.0
63.0
64.0
66.0
63.0
63.0
63.0
63.0
63.0
62.0
63.0
63.0
63.0
63.0
63.0
63.0
62.0
62.0
62.0
62.0
62.0
62.0
62.0
62.0
62.0
62.0
62.0
62.0
61.0
61.0
62.0
61.0
62.0
62.0
61.0
62.0
62.0
62.0
60.0
61.0
61.0
60.0
60.0
62.0
61.0
62.0
60.0
61.0
60.0
60.0
60.0
61.0
60.0
60.0
60.0
60.0
60.0
60.0
61.0
61.0
60.0
61.0
61.0
59.0
60.0
60.0
60.0
59.0
60.0
59.0
61.0
59.0
60.0
61.0
59.0
59.0
59.0
59.0
59.0
59.0
60.0
59.0
59.0
59.0
59.0
59.0
59.0
59.0
59.0
59.0
60.0
59.0
59.0
59.0
59.0
59.0
59.0
59.0
59.0
59.0
60.0
59.0
59.0
59.0
59.0
59.0
59.0
59.0
59.0
59.0
59.0
59.0
59.0
59.0
59.0
59.0
59.0
59.0
59.0
59.0
59.0
59.0
59.0
59.0
59.0
59.0
59.0
60.0
59.0
59.0
59.0
59.0
59.0
58.0
60.0
59.0
59.0
59.0
59.0
60.0
60.0
59.0
59.0
59.0
59.0
60.0
59.0
59.0
60.0
59.0
59.0
59.0
60.0
59.0
59.0
59.0
59.0
60.0
60.0
60.0
59.0
59.0
59.0
60.0
59.0
60.0
59.0
59.0
59.0
60.0
60.0
59.0
60.0
60.0
59.0
59.0
60.0
59.0
59.0
60.0
60.0
60.0
60.0
59.0
59.0
59.0
60.0
60.0
59.0
60.0
60.0
58.0
60.0
60.0
60.0
60.0
60.0
60.0
60.0
60.0
60.0
60.0
60.0
59.0
59.0
59.0
60.0
60.0
59.0
60.0
60.0
60.0
60.0
61.0
60.0
60.0
60.0
60.0
60.0
60.0
60.0
60.0
61.0
60.0
61.0
60.0
61.0
61.0
61.0
59.0
60.0
61.0
60.0
60.0
60.0
61.0
60.0
61.0
61.0
60.0
61.0
61.0
61.0
61.0
61.0
61.0
61.0
61.0
61.0
60.0
61.0
61.0
61.0
60.0
61.0
61.0
61.0
61.0
61.0
61.0
61.0
61.0
61.0
61.0
60.0
60.0
62.0
62.0
61.0
60.0
62.0
62.0
61.0
60.0
62.0
62.0
62.0
62.0
62.0
62.0
62.0
62.0
61.0
62.0
62.0
61.0
62.0
62.0
61.0
62.0
61.0
62.0
62.0
61.0
63.0
62.0
62.0
62.0
61.0
62.0
63.0
63.0
63.0
61.0
63.0
63.0
63.0
62.0
63.0
62.0
61.0
64.0
64.0
62.0
64.0
62.0
64.0
62.0
64.0
64.0
63.0
64.0
63.0
63.0
63.0
62.0
63.0
63.0
63.0
63.0
63.0
66.0
64.0
66.0
65.0
63.0
65.0
65.0
66.0
64.0
65.0
65.0
65.0
65.0
65.0
65.0
65.0
66.0
64.0
65.0
65.0
65.0
64.0
65.0
65.0
64.0
65.0
65.0
65.0
66.0
65.0
65.0
65.0
65.0
65.0
66.0
66.0
66.0
66.0
67.0
66.0
66.0
68.0
67.0
66.0
67.0
69.0
67.0
67.0
67.0
69.0
69.0
69.0
69.0
70.0
67.0
70.0
69.0
68.0
68.0
70.0
69.0
68.0
71.0
69.0
68.0
72.0
72.0
72.0
72.0
71.0
71.0
70.0
72.0
73.0
71.0
73.0
72.0
72.0
75.0
72.0
74.0
74.0
73.0
73.0
74.0
73.0
75.0
72.0
74.0
72.0
75.0
73.0
75.0
75.0
75.0
77.0
75.0
74.0
74.0
78.0
76.0
78.0
78.0
76.0
76.0
80.0
80.0
79.0
76.0
77.0
82.0
79.0
79.0
81.0
79.0
79.0
80.0
79.0
79.0
82.0
82.0
81.0
82.0
83.0
84.0
83.0
84.0
81.0
83.0
84.0
84.0
87.0
85.0
84.0
87.0
83.0
85.0
86.0
83.0
89.0
89.0
89.0
89.0
89.0
88.0
89.0
88.0
89.0
89.0
90.0
91.0
90.0
91.0
91.0
91.0
93.0
93.0
92.0
94.0
93.0
93.0
95.0
95.0
95.0
98.0
95.0
98.0
97.0
99.0
97.0
100.0
101.0
97.0
101.0
101.0
101.0
104.0
103.0
104.0
105.0
103.0
103.0
105.0
107.0
107.0
106.0
107.0
108.0
109.0
110.0
110.0
110.0
109.0
110.0
112.0
115.0
113.0
114.0
116.0
113.0
117.0
119.0
114.0
120.0
121.0
121.0
122.0
121.0
122.0
126.0
124.0
124.0
129.0
125.0
129.0
132.0
131.0
128.0
133.0
130.0
133.0
136.0
136.0
133.0
140.0
137.0
139.0
140.0
141.0
141.0
142.0
143.0
143.0
148.0
149.0
149.0
153.0
150.0
150.0
152.0
154.0
151.0
157.0
158.0
158.0
160.0
159.0
160.0
163.0
162.0
162.0
164.0
164.0
165.0
167.0
165.0
164.0
167.0
171.0
171.0
176.0
173.0
174.0
173.0
172.0
174.0
175.0
176.0
177.0
177.0
181.0
179.0
183.0
181.0
186.0
184.0
185.0
185.0
186.0
187.0
186.0
191.0
186.0
189.0
191.0
192.0
191.0
193.0
193.0
194.0
193.0
194.0
195.0
192.0
197.0
196.0
194.0
193.0
197.0
197.0
202.0
199.0
200.0
199.0
198.0
202.0
199.0
196.0
204.0
200.0
205.0
202.0
201.0
200.0
205.0
205.0
202.0
204.0
201.0
204.0
203.0
208.0
204.0
208.0
206.0
207.0
207.0
205.0
207.0
206.0
203.0
205.0
205.0
206.0
208.0
212.0
211.0
207.0
210.0
204.0
208.0
210.0
209.0
212.0
210.0
210.0
208.0
210.0
210.0
208.0
217.0
216.0
207.0
212.0
214.0
214.0
211.0
216.0
218.0
219.0
214.0
210.0
214.0
210.0
217.0
213.0
210.0
214.0
215.0
213.0
219.0
218.0
213.0
215.0
215.0
219.0
214.0
217.0
216.0
215.0
216.0
216.0
216.0
216.0
219.0
214.0
211.0
219.0
218.0
212.0
215.0
213.0
218.0
218.0
218.0
214.0
215.0
213.0
222.0
219.0
218.0
218.0
222.0
217.0
220.0
215.0
219.0
213.0
220.0
217.0
214.0
219.0
213.0
216.0
217.0
217.0
220.0
214.0
212.0
219.0
219.0
216.0
219.0
213.0
218.0
220.0
213.0
213.0
216.0
218.0
217.0
224.0
219.0
225.0
215.0
219.0
220.0
220.0
219.0
221.0
218.0
219.0
216.0
218.0
215.0
218.0
214.0
221.0
220.0
218.0
214.0
217.0
220.0
218.0
214.0
211.0
215.0
216.0
220.0
220.0
212.0
220.0
221.0
210.0
215.0
220.0
217.0
216.0
218.0
215.0
213.0
213.0
213.0
217.0
211.0
215.0
212.0
219.0
217.0
219.0
217.0
220.0
217.0
211.0
217.0
214.0
208.0
216.0
215.0
214.0
215.0
215.0
222.0
218.0
210.0
215.0
217.0
219.0
217.0
218.0
217.0
215.0
217.0
215.0
212.0
212.0
217.0
220.0
212.0
215.0
208.0
215.0
212.0
216.0
213.0
213.0
213.0
214.0
217.0
216.0
216.0
214.0
214.0
213.0
213.0
214.0
215.0
216.0
219.0
219.0
216.0
212.0
219.0
213.0
217.0
220.0
220.0
219.0
218.0
215.0
213.0
217.0
214.0
214.0
212.0
211.0
214.0
211.0
215.0
210.0
218.0
212.0
213.0
214.0
212.0
212.0
213.0
213.0
211.0
213.0
212.0
215.0
220.0
212.0
214.0
212.0
214.0
212.0
217.0
214.0
215.0
213.0
211.0
213.0
213.0
211.0
213.0
214.0
213.0
216.0
212.0
209.0
213.0
213.0
211.0
210.0
210.0
212.0
213.0
216.0
212.0
213.0
212.0
210.0
214.0
210.0
214.0
211.0
208.0
213.0
212.0
210.0
211.0
212.0
211.0
215.0
215.0
215.0
211.0
211.0
215.0
213.0
213.0
212.0
212.0
211.0
215.0
215.0
212.0
212.0
213.0
210.0
211.0
216.0
209.0
217.0
214.0
215.0
213.0
215.0
215.0
213.0
212.0
211.0
211.0
212.0
215.0
213.0
212.0
214.0
217.0
218.0
214.0
210.0
213.0
214.0
216.0
215.0
215.0
215.0
211.0
214.0
214.0
212.0
214.0
215.0
216.0
215.0
214.0
212.0
215.0
214.0
214.0
211.0
212.0
217.0
218.0
220.0
218.0
216.0
220.0
217.0
217.0
218.0
215.0
215.0
216.0
214.0
218.0
215.0
215.0
218.0
212.0
217.0
213.0
218.0
217.0
219.0
217.0
218.0
215.0
220.0
219.0
221.0
218.0
218.0
221.0
219.0
219.0
220.0
221.0
215.0
224.0
220.0
221.0
221.0
220.0
225.0
221.0
221.0
219.0
217.0
219.0
219.0
223.0
221.0
222.0
220.0
220.0
223.0
222.0
221.0
221.0
219.0
223.0
219.0
221.0
220.0
220.0
221.0
221.0
224.0
224.0
222.0
222.0
226.0
221.0
226.0
225.0
223.0
223.0
220.0
222.0
229.0
227.0
224.0
224.0
225.0
228.0
226.0
225.0
224.0
229.0
224.0
227.0
225.0
224.0
229.0
228.0
223.0
224.0
224.0
225.0
224.0
227.0
225.0
229.0
232.0
227.0
224.0
225.0
226.0
227.0
226.0
225.0
229.0
227.0
227.0
228.0
224.0
228.0
229.0
228.0
227.0
229.0
228.0
228.0
224.0
227.0
224.0
226.0
225.0
228.0
230.0
225.0
221.0
230.0
230.0
229.0
230.0
230.0
222.0
228.0
228.0
227.0
228.0
229.0
231.0
228.0
231.0
227.0
229.0
228.0
227.0
226.0
232.0
229.0
227.0
227.0
229.0
232.0
228.0
234.0
229.0
228.0
232.0
225.0
227.0
235.0
224.0
229.0
237.0
230.0
229.0
229.0
230.0
231.0
233.0
234.0
235.0
232.0
230.0
234.0
227.0
232.0
231.0
233.0
230.0
229.0
235.0
230.0
232.0
235.0
230.0
229.0
228.0
228.0
231.0
234.0
231.0
231.0
234.0
230.0
232.0
232.0
226.0
231.0
228.0
231.0
231.0
232.0
232.0
228.0
236.0
236.0
231.0
229.0
232.0
231.0
232.0
234.0
234.0
230.0
238.0
231.0
232.0
232.0
233.0
233.0
236.0
233.0
232.0
232.0
234.0
233.0
236.0
231.0
234.0
238.0
233.0
229.0
229.0
233.0
235.0
231.0
234.0
230.0
231.0
231.0
231.0
238.0
231.0
235.0
233.0
231.0
233.0
235.0
234.0
234.0
235.0
234.0
235.0
236.0
234.0
236.0
231.0
236.0
237.0
231.0
232.0
235.0
232.0
232.0
235.0
230.0
233.0
232.0
234.0
233.0
232.0
234.0
229.0
237.0
235.0
234.0
231.0
238.0
235.0
229.0
232.0
233.0
235.0
232.0
233.0
231.0
232.0
237.0
233.0
231.0
232.0
237.0
234.0
236.0
233.0
237.0
232.0
231.0
230.0
235.0
231.0
235.0
233.0
233.0
233.0
236.0
232.0
237.0
234.0
230.0
236.0
233.0
233.0
231.0
231.0
237.0
236.0
234.0
233.0
230.0
231.0
233.0
230.0
233.0
239.0
232.0
234.0
230.0
235.0
233.0
232.0
230.0
234.0
235.0
232.0
231.0
227.0
233.0
234.0
233.0
234.0
232.0
235.0
235.0
234.0
232.0
234.0
234.0
233.0
234.0
234.0
224.0
235.0
232.0
235.0
233.0
228.0
230.0
232.0
232.0
234.0
230.0
232.0
233.0
233.0
240.0
234.0
231.0
233.0
232.0
231.0
236.0
231.0
232.0
231.0
233.0
239.0
233.0
234.0
230.0
231.0
234.0
232.0
235.0
231.0
231.0
237.0
228.0
228.0
231.0
235.0
232.0
236.0
234.0
239.0
229.0
234.0
234.0
230.0
235.0
236.0
232.0
234.0
231.0
233.0
236.0
233.0
230.0
229.0
230.0
234.0
237.0
237.0
239.0
235.0
237.0
239.0
234.0
235.0
235.0
234.0
233.0
237.0
239.0
236.0
236.0
236.0
233.0
235.0
237.0
236.0
238.0
230.0
235.0
237.0
234.0
233.0
236.0
235.0
233.0
238.0
236.0
232.0
236.0
237.0
231.0
234.0
232.0
232.0
240.0
241.0
237.0
235.0
239.0
234.0
235.0
236.0
234.0
237.0
233.0
235.0
237.0
234.0
239.0
236.0
237.0
231.0
241.0
237.0
234.0
235.0
237.0
234.0
236.0
239.0
238.0
237.0
238.0
236.0
235.0
233.0
237.0
237.0
235.0
233.0
234.0
237.0
234.0
237.0
232.0
232.0
237.0
235.0
229.0
235.0
235.0
238.0
236.0
235.0
237.0
236.0
234.0
239.0
236.0
237.0
237.0
233.0
237.0
238.0
230.0
232.0
232.0
239.0
240.0
237.0
237.0
238.0
240.0
234.0
236.0
234.0
236.0
235.0
240.0
239.0
235.0
240.0
237.0
234.0
239.0
237.0
238.0
234.0
239.0
237.0
235.0
238.0
237.0
238.0
234.0
235.0
231.0
239.0
236.0
240.0
235.0
239.0
237.0
236.0
235.0
237.0
235.0
233.0
233.0
236.0
234.0
237.0
235.0
236.0
235.0
229.0
237.0
234.0
228.0
235.0
243.0
237.0
229.0
236.0
236.0
237.0
229.0
231.0
238.0
234.0
238.0
233.0
230.0
239.0
235.0
239.0
228.0
231.0
238.0
237.0
234.0
230.0
230.0
231.0
232.0
234.0
239.0
231.0
231.0
231.0
232.0
238.0
230.0
232.0
235.0
232.0
228.0
227.0
228.0
231.0
231.0
227.0
231.0
227.0
230.0
229.0
229.0
237.0
233.0
232.0
230.0
235.0
222.0
233.0
225.0
230.0
232.0
229.0
229.0
230.0
228.0
233.0
230.0
229.0
229.0
231.0
216.0
227.0
229.0
228.0
223.0
227.0
227.0
225.0
225.0
223.0
221.0
222.0
223.0
221.0
223.0
232.0
219.0
225.0
224.0
221.0
219.0
219.0
219.0
218.0
227.0
231.0
219.0
213.0
230.0
229.0
212.0
214.0
223.0
225.0
226.0
214.0
226.0
225.0
218.0
224.0
224.0
224.0
222.0
222.0
210.0
224.0
218.0
217.0
220.0
219.0
218.0
219.0
216.0
219.0
216.0
220.0
215.0
218.0
217.0
220.0
216.0
215.0
217.0
216.0
217.0
214.0
218.0
215.0
218.0
214.0
210.0
214.0
214.0
212.0
214.0
212.0
216.0
208.0
214.0
212.0
212.0
210.0
209.0
208.0
209.0
210.0
212.0
209.0
207.0
210.0
209.0
207.0
210.0
209.0
212.0
205.0
206.0
205.0
207.0
210.0
208.0
206.0
205.0
208.0
205.0
208.0
208.0
207.0
206.0
206.0
204.0
205.0
201.0
201.0
217.0
202.0
204.0
206.0
218.0
205.0
203.0
207.0
204.0
206.0
205.0
206.0
204.0
205.0
200.0
205.0
203.0
200.0
202.0
201.0
203.0
212.0
201.0
203.0
210.0
200.0
198.0
214.0
202.0
198.0
205.0
202.0
201.0
203.0
199.0
213.0
211.0
197.0
209.0
200.0
210.0
203.0
202.0
198.0
212.0
205.0
198.0
198.0
201.0
210.0
208.0
203.0
210.0
195.0
199.0
211.0
199.0
208.0
208.0
203.0
210.0
207.0
209.0
207.0
208.0
208.0
208.0
207.0
206.0
207.0
195.0
209.0
207.0
208.0
207.0
207.0
206.0
206.0
208.0
208.0
193.0
204.0
204.0
194.0
208.0
208.0
204.0
206.0
206.0
205.0
204.0
206.0
204.0
205.0
205.0
206.0
205.0
205.0
206.0
206.0
208.0
204.0
203.0
206.0
207.0
206.0
191.0
191.0
204.0
203.0
190.0
204.0
207.0
201.0
205.0
201.0
203.0
205.0
203.0
203.0
204.0
201.0
202.0
202.0
203.0
201.0
202.0
203.0
201.0
203.0
201.0
202.0
200.0
200.0
204.0
200.0
202.0
203.0
198.0
200.0
203.0
202.0
198.0
203.0
200.0
204.0
197.0
201.0
202.0
202.0
200.0
202.0
201.0
199.0
199.0
201.0
202.0
201.0
203.0
197.0
199.0
202.0
197.0
199.0
199.0
195.0
198.0
198.0
198.0
198.0
198.0
200.0
200.0
197.0
195.0
198.0
199.0
199.0
199.0
198.0
197.0
199.0
199.0
195.0
198.0
195.0
196.0
210.0
199.0
203.0
198.0
196.0
194.0
199.0
197.0
194.0
201.0
198.0
197.0
208.0
198.0
199.0
196.0
196.0
198.0
196.0
197.0
197.0
195.0
193.0
196.0
195.0
195.0
198.0
199.0
195.0
193.0
198.0
197.0
197.0
197.0
197.0
195.0
195.0
193.0
195.0
193.0
193.0
210.0
195.0
210.0
194.0
195.0
192.0
195.0
195.0
197.0
191.0
192.0
195.0
193.0
196.0
196.0
196.0
197.0
195.0
194.0
198.0
205.0
195.0
196.0
194.0
193.0
194.0
195.0
194.0
194.0
210.0
207.0
207.0
194.0
192.0
194.0
207.0
195.0
193.0
196.0
208.0
208.0
196.0
193.0
192.0
191.0
207.0
207.0
208.0
192.0
195.0
208.0
192.0
203.0
189.0
192.0
191.0
192.0
192.0
206.0
193.0
208.0
192.0
207.0
206.0
205.0
195.0
194.0
207.0
206.0
204.0
206.0
204.0
196.0
191.0
204.0
204.0
204.0
192.0
193.0
191.0
204.0
203.0
204.0
204.0
208.0
191.0
205.0
204.0
192.0
206.0
194.0
191.0
207.0
204.0
202.0
190.0
190.0
193.0
202.0
191.0
203.0
202.0
206.0
204.0
191.0
206.0
203.0
205.0
189.0
203.0
202.0
205.0
202.0
189.0
203.0
204.0
202.0
202.0
204.0
205.0
205.0
204.0
205.0
203.0
189.0
202.0
204.0
203.0
202.0
203.0
202.0
203.0
204.0
199.0
202.0
201.0
201.0
204.0
200.0
202.0
205.0
204.0
201.0
203.0
190.0
204.0
191.0
202.0
201.0
202.0
190.0
201.0
203.0
202.0
199.0
190.0
189.0
202.0
201.0
202.0
189.0
203.0
200.0
200.0
200.0
202.0
189.0
202.0
190.0
202.0
199.0
190.0
203.0
198.0
200.0
203.0
201.0
202.0
198.0
201.0
200.0
199.0
204.0
202.0
202.0
202.0
201.0
202.0
201.0
203.0
200.0
201.0
202.0
199.0
198.0
201.0
200.0
202.0
201.0
201.0
204.0
203.0
198.0
197.0
199.0
201.0
200.0
200.0
197.0
202.0
199.0
201.0
200.0
190.0
199.0
199.0
200.0
199.0
199.0
200.0
199.0
199.0
199.0
199.0
202.0
198.0
199.0
197.0
201.0
200.0
202.0
199.0
200.0
198.0
199.0
201.0
198.0
203.0
202.0
198.0
203.0
198.0
200.0
199.0
198.0
199.0
200.0
198.0
200.0
199.0
198.0
199.0
199.0
199.0
197.0
198.0
200.0
200.0
199.0
198.0
199.0
199.0
199.0
201.0
199.0
204.0
200.0
197.0
198.0
201.0
198.0
201.0
201.0
201.0
199.0
201.0
198.0
199.0
199.0
200.0
198.0
198.0
198.0
198.0
198.0
196.0
200.0
197.0
195.0
202.0
201.0
200.0
199.0
196.0
198.0
201.0
199.0
199.0
198.0
199.0
197.0
200.0
199.0
199.0
201.0
198.0
199.0
198.0
196.0
197.0
199.0
195.0
198.0
196.0
200.0
201.0
198.0
196.0
199.0
196.0
198.0
198.0
200.0
198.0
198.0
198.0
197.0
196.0
197.0
196.0
209.0
195.0
197.0
196.0
197.0
196.0
210.0
197.0
200.0
197.0
197.0
195.0
211.0
199.0
212.0
208.0
208.0
211.0
201.0
212.0
198.0
198.0
200.0
197.0
209.0
207.0
210.0
196.0
195.0
209.0
199.0
195.0
209.0
209.0
207.0
212.0
209.0
208.0
207.0
209.0
207.0
210.0
210.0
207.0
209.0
209.0
209.0
208.0
208.0
208.0
208.0
207.0
196.0
211.0
207.0
208.0
204.0
208.0
195.0
208.0
194.0
210.0
206.0
206.0
195.0
209.0
208.0
194.0
204.0
210.0
208.0
210.0
210.0
204.0
210.0
205.0
206.0
205.0
206.0
207.0
204.0
206.0
209.0
208.0
206.0
206.0
207.0
208.0
208.0
206.0
209.0
209.0
209.0
209.0
205.0
207.0
207.0
205.0
207.0
208.0
209.0
207.0
204.0
206.0
206.0
206.0
204.0
207.0
206.0
206.0
206.0
206.0
205.0
206.0
206.0
204.0
206.0
205.0
207.0
202.0
206.0
207.0
205.0
205.0
208.0
205.0
207.0
206.0
205.0
206.0
206.0
204.0
208.0
204.0
205.0
216.0
207.0
204.0
202.0
214.0
215.0
204.0
215.0
207.0
214.0
216.0
217.0
206.0
206.0
216.0
216.0
216.0
217.0
214.0
213.0
217.0
214.0
206.0
215.0
205.0
204.0
211.0
215.0
213.0
214.0
214.0
204.0
204.0
216.0
215.0
205.0
212.0
215.0
206.0
214.0
216.0
215.0
213.0
211.0
215.0
215.0
213.0
214.0
213.0
214.0
212.0
211.0
210.0
214.0
215.0
211.0
212.0
214.0
213.0
212.0
215.0
210.0
215.0
213.0
213.0
212.0
212.0
212.0
212.0
214.0
211.0
210.0
210.0
210.0
208.0
220.0
212.0
219.0
214.0
210.0
210.0
213.0
222.0
212.0
210.0
210.0
210.0
210.0
212.0
218.0
209.0
219.0
220.0
211.0
220.0
208.0
209.0
219.0
218.0
220.0
217.0
220.0
217.0
219.0
210.0
216.0
218.0
206.0
219.0
219.0
216.0
216.0
205.0
219.0
217.0
217.0
216.0
216.0
216.0
216.0
215.0
217.0
215.0
212.0
209.0
215.0
215.0
214.0
215.0
217.0
216.0
214.0
210.0
212.0
212.0
211.0
211.0
209.0
211.0
212.0
210.0
211.0
213.0
213.0
211.0
212.0
210.0
212.0
211.0
210.0
210.0
212.0
208.0
207.0
204.0
207.0
205.0
204.0
209.0
204.0
208.0
210.0
208.0
206.0
206.0
211.0
204.0
210.0
212.0
203.0
204.0
210.0
198.0
205.0
210.0
198.0
205.0
201.0
198.0
202.0
203.0
197.0
195.0
197.0
202.0
197.0
200.0
197.0
203.0
194.0
193.0
191.0
191.0
196.0
190.0
192.0
188.0
190.0
191.0
190.0
186.0
188.0
186.0
192.0
188.0
187.0
187.0
183.0
182.0
179.0
185.0
181.0
180.0
177.0
179.0
180.0
179.0
177.0
174.0
175.0
173.0
177.0
173.0
172.0
169.0
170.0
172.0
168.0
169.0
165.0
172.0
168.0
165.0
167.0
161.0
167.0
163.0
164.0
161.0
162.0
161.0
163.0
160.0
163.0
160.0
157.0
154.0
162.0
158.0
154.0
154.0
152.0
153.0
155.0
153.0
151.0
148.0
149.0
148.0
149.0
152.0
152.0
149.0
145.0
150.0
147.0
147.0
145.0
147.0
144.0
143.0
140.0
144.0
142.0
139.0
141.0
138.0
139.0
140.0
136.0
137.0
142.0
141.0
135.0
136.0
134.0
138.0
135.0
136.0
136.0
132.0
130.0
136.0
130.0
137.0
130.0
130.0
126.0
128.0
130.0
128.0
128.0
128.0
130.0
124.0
125.0
131.0
127.0
126.0
128.0
122.0
126.0
123.0
124.0
124.0
125.0
123.0
120.0
124.0
121.0
120.0
119.0
123.0
122.0
118.0
118.0
120.0
121.0
118.0
121.0
118.0
116.0
120.0
121.0
116.0
116.0
120.0
116.0
116.0
116.0
114.0
116.0
115.0
114.0
115.0
114.0
113.0
113.0
114.0
114.0
114.0
114.0
113.0
114.0
112.0
111.0
113.0
113.0
113.0
108.0
112.0
115.0
112.0
108.0
108.0
110.0
112.0
108.0
112.0
109.0
110.0
105.0
110.0
110.0
105.0
108.0
107.0
108.0
106.0
106.0
103.0
109.0
110.0
102.0
103.0
104.0
108.0
104.0
104.0
102.0
107.0
105.0
102.0
104.0
103.0
106.0
103.0
102.0
103.0
102.0
104.0
101.0
102.0
100.0
102.0
101.0
101.0
102.0
102.0
102.0
104.0
102.0
100.0
101.0
101.0
100.0
100.0
99.0
99.0
101.0
100.0
99.0
97.0
99.0
100.0
98.0
98.0
100.0
101.0
97.0
97.0
97.0
97.0
97.0
97.0
98.0
93.0
95.0
95.0
98.0
97.0
96.0
98.0
96.0
98.0
93.0
94.0
97.0
98.0
95.0
93.0
94.0
94.0
94.0
92.0
97.0
94.0
96.0
93.0
92.0
93.0
95.0
94.0
92.0
94.0
94.0
93.0
93.0
94.0
91.0
94.0
94.0
94.0
92.0
91.0
96.0
92.0
94.0
91.0
91.0
91.0
90.0
91.0
95.0
89.0
90.0
91.0
89.0
89.0
91.0
91.0
89.0
91.0
91.0
91.0
90.0
91.0
90.0
90.0
90.0
89.0
91.0
91.0
87.0
89.0
90.0
89.0
89.0
89.0
90.0
88.0
85.0
88.0
88.0
87.0
88.0
89.0
87.0
87.0
86.0
88.0
88.0
87.0
86.0
87.0
85.0
87.0
86.0
88.0
85.0
86.0
85.0
87.0
85.0
88.0
86.0
85.0
85.0
84.0
84.0
85.0
85.0
88.0
86.0
83.0
83.0
87.0
86.0
84.0
85.0
86.0
83.0
83.0
83.0
83.0
85.0
81.0
83.0
82.0
83.0
81.0
83.0
83.0
83.0
83.0
81.0
81.0
80.0
83.0
81.0
83.0
81.0
82.0
83.0
80.0
81.0
83.0
83.0
80.0
81.0
82.0
82.0
79.0
79.0
82.0
81.0
80.0
81.0
80.0
79.0
80.0
79.0
81.0
80.0
79.0
80.0
79.0
79.0
79.0
81.0
79.0
80.0
80.0
79.0
78.0
78.0
76.0
78.0
76.0
79.0
77.0
76.0
81.0
78.0
77.0
77.0
79.0
79.0
76.0
79.0
77.0
78.0
76.0
76.0
78.0
76.0
76.0
75.0
76.0
76.0
76.0
76.0
75.0
75.0
75.0
76.0
76.0
76.0
77.0
77.0
73.0
74.0
76.0
76.0
76.0
76.0
75.0
75.0
76.0
76.0
75.0
76.0
74.0
74.0
76.0
74.0
76.0
75.0
74.0
74.0
75.0
75.0
74.0
76.0
74.0
75.0
73.0
75.0
75.0
73.0
75.0
73.0
75.0
72.0
75.0
75.0
74.0
72.0
74.0
74.0
73.0
75.0
73.0
73.0
73.0
73.0
74.0
73.0
73.0
71.0
72.0
74.0
71.0
74.0
72.0
72.0
72.0
72.0
73.0
73.0
71.0
71.0
71.0
72.0
71.0
70.0
74.0
71.0
72.0
69.0
70.0
74.0
73.0
71.0
71.0
73.0
71.0
74.0
70.0
71.0
71.0
68.0
71.0
70.0
69.0
71.0
72.0
69.0
68.0
71.0
70.0
72.0
72.0
70.0
70.0
72.0
69.0
70.0
68.0
70.0
69.0
72.0
68.0
69.0
70.0
69.0
69.0
68.0
70.0
67.0
68.0
70.0
69.0
68.0
71.0
70.0
71.0
66.0
68.0
68.0
69.0
68.0
69.0
68.0
68.0
69.0
69.0
65.0
70.0
65.0
69.0
67.0
67.0
68.0
68.0
66.0
68.0
68.0
67.0
69.0
68.0
66.0
67.0
66.0
68.0
67.0
66.0
68.0
65.0
67.0
67.0
68.0
68.0
67.0
67.0
65.0
67.0
67.0
65.0
68.0
67.0
66.0
68.0
66.0
66.0
65.0
64.0
66.0
68.0
64.0
67.0
68.0
68.0
65.0
66.0
64.0
64.0
65.0
68.0
67.0
65.0
66.0
64.0
64.0
65.0
65.0
64.0
64.0
64.0
67.0
64.0
65.0
64.0
65.0
64.0
64.0
65.0
65.0
64.0
64.0
63.0
64.0
64.0
64.0
63.0
64.0
64.0
64.0
63.0
64.0
63.0
64.0
64.0
63.0
63.0
64.0
62.0
64.0
64.0
63.0
63.0
66.0
64.0
64.0
63.0
65.0
63.0
64.0
63.0
63.0
63.0
62.0
61.0
63.0
62.0
63.0
63.0
63.0
63.0
63.0
62.0
63.0
64.0
61.0
63.0
62.0
63.0
63.0
63.0
62.0
61.0
62.0
63.0
62.0
63.0
63.0
63.0
61.0
62.0
62.0
61.0
62.0
62.0
62.0
62.0
61.0
61.0
62.0
63.0
62.0
60.0
62.0
62.0
62.0
61.0
62.0
63.0
62.0
61.0
63.0
63.0
61.0
61.0
63.0
63.0
61.0
62.0
60.0
61.0
61.0
61.0
61.0
63.0
61.0
60.0
61.0
60.0
63.0
62.0
60.0
62.0
61.0
62.0
62.0
62.0
62.0
59.0
62.0
60.0
61.0
60.0
61.0
60.0
62.0
60.0
60.0
60.0
61.0
60.0
60.0
60.0
60.0
60.0
60.0
60.0
60.0
60.0
61.0
61.0
60.0
59.0
60.0
60.0
62.0
60.0
59.0
61.0
61.0
59.0
60.0
60.0
60.0
60.0
58.0
60.0
58.0
60.0
60.0
59.0
60.0
59.0
59.0
58.0
60.0
60.0
60.0
59.0
60.0
60.0
60.0
58.0
57.0
58.0
58.0
58.0
59.0
60.0
59.0
59.0
57.0
60.0
59.0
58.0
58.0
59.0
58.0
59.0
59.0
59.0
59.0
60.0
59.0
60.0
60.0
59.0
58.0
58.0
57.0
58.0
57.0
58.0
58.0
59.0
59.0
59.0
59.0
59.0
58.0
57.0
59.0
59.0
59.0
57.0
57.0
57.0
58.0
58.0
58.0
57.0
58.0
58.0
59.0
58.0
56.0
58.0
57.0
58.0
57.0
58.0
57.0
58.0
57.0
57.0
58.0
59.0
56.0
59.0
57.0
58.0
57.0
59.0
57.0
57.0
58.0
56.0
56.0
57.0
56.0
57.0
57.0
58.0
55.0
56.0
57.0
56.0
58.0
56.0
57.0
58.0
56.0
56.0
55.0
57.0
56.0
58.0
58.0
56.0
55.0
57.0
55.0
56.0
58.0
55.0
55.0
56.0
57.0
55.0
59.0
56.0
56.0
55.0
55.0
57.0
55.0
55.0
55.0
55.0
55.0
55.0
55.0
55.0
56.0
57.0
55.0
55.0
55.0
55.0
55.0
56.0
58.0
55.0
55.0
56.0
55.0
55.0
55.0
55.0
56.0
55.0
55.0
56.0
56.0
55.0
55.0
55.0
55.0
55.0
55.0
55.0
55.0
54.0
55.0
55.0
55.0
55.0
56.0
55.0
55.0
55.0
55.0
55.0
55.0
53.0
55.0
55.0
53.0
55.0
55.0
55.0
54.0
55.0
55.0
54.0
55.0
53.0
55.0
55.0
54.0
54.0
54.0
54.0
55.0
54.0
55.0
55.0
54.0
55.0
55.0
54.0
54.0
54.0
54.0
56.0
54.0
55.0
54.0
55.0
55.0
55.0
54.0
54.0
54.0
54.0
54.0
53.0
53.0
53.0
54.0
55.0
55.0
54.0
54.0
54.0
54.0
54.0
54.0
53.0
54.0
55.0
52.0
54.0
54.0
53.0
53.0
55.0
53.0
54.0
54.0
55.0
53.0
55.0
53.0
53.0
53.0
53.0
54.0
55.0
54.0
54.0
54.0
54.0
53.0
54.0
53.0
54.0
52.0
54.0
54.0
54.0
54.0
54.0
53.0
54.0
54.0
54.0
54.0
54.0
54.0
54.0
53.0
53.0
53.0
54.0
52.0
54.0
53.0
51.0
53.0
54.0
53.0
54.0
53.0
52.0
53.0
53.0
54.0
51.0
53.0
54.0
53.0
54.0
53.0
53.0
52.0
54.0
53.0
53.0
53.0
51.0
52.0
53.0
52.0
52.0
53.0
53.0
53.0
51.0
52.0
52.0
52.0
53.0
53.0
52.0
52.0
53.0
54.0
51.0
52.0
52.0
53.0
53.0
52.0
52.0
53.0
51.0
52.0
51.0
52.0
52.0
53.0
52.0
54.0
52.0
53.0
52.0
52.0
51.0
51.0
52.0
51.0
53.0
53.0
50.0
52.0
51.0
52.0
52.0
51.0
50.0
53.0
50.0
51.0
52.0
50.0
53.0
52.0
52.0
52.0
51.0
50.0
52.0
51.0
51.0
52.0
51.0
52.0
50.0
52.0
52.0
52.0
52.0
50.0
51.0
51.0
52.0
49.0
50.0
52.0
52.0
50.0
50.0
51.0
50.0
50.0
50.0
51.0
50.0
50.0
50.0
50.0
50.0
53.0
51.0
51.0
52.0
51.0
50.0
50.0
52.0
50.0
50.0
53.0
50.0
52.0
50.0
50.0
50.0
52.0
50.0
50.0
50.0
50.0
50.0
50.0
50.0
52.0
50.0
50.0
50.0
50.0
50.0
50.0
52.0
50.0
52.0
50.0
51.0
50.0
52.0
50.0
50.0
50.0
50.0
50.0
50.0
50.0
50.0
50.0
50.0
50.0
50.0
50.0
50.0
50.0
50.0
49.0
49.0
50.0
50.0
50.0
50.0
51.0
50.0
50.0
50.0
50.0
49.0
50.0
49.0
50.0
49.0
50.0
50.0
49.0
50.0
49.0
50.0
50.0
50.0
50.0
49.0
50.0
49.0
50.0
49.0
50.0
49.0
50.0
49.0
50.0
50.0
49.0
50.0
49.0
49.0
49.0
49.0
49.0
50.0
49.0
50.0
50.0
49.0
49.0
49.0
49.0
49.0
49.0
49.0
50.0
50.0
48.0
49.0
49.0
50.0
49.0
49.0
49.0
49.0
49.0
49.0
49.0
48.0
50.0
49.0
48.0
50.0
49.0
49.0
50.0
49.0
49.0
49.0
48.0
49.0
49.0
48.0
50.0
50.0
50.0
48.0
50.0
49.0
47.0
49.0
49.0
49.0
48.0
48.0
49.0
49.0
49.0
48.0
49.0
49.0
50.0
49.0
49.0
49.0
49.0
48.0
49.0
48.0
49.0
49.0
48.0
48.0
50.0
49.0
49.0
49.0
48.0
49.0
49.0
49.0
49.0
48.0
49.0
48.0
49.0
49.0
48.0
49.0
48.0
49.0
49.0
47.0
49.0
49.0
49.0
49.0
49.0
47.0
48.0
47.0
49.0
49.0
49.0
48.0
47.0
49.0
47.0
48.0
48.0
47.0
47.0
49.0
48.0
48.0
49.0
47.0
47.0
49.0
47.0
49.0
49.0
47.0
47.0
49.0
47.0
47.0
48.0
47.0
47.0
48.0
47.0
47.0
47.0
48.0
49.0
48.0
47.0
49.0
47.0
47.0
48.0
48.0
47.0
47.0
48.0
49.0
49.0
48.0
47.0
47.0
49.0
47.0
47.0
49.0
47.0
47.0
49.0
48.0
47.0
48.0
48.0
49.0
48.0
47.0
47.0
47.0
47.0
47.0
47.0
47.0
48.0
47.0
47.0
47.0
47.0
47.0
47.0
47.0
49.0
47.0
49.0
47.0
47.0
49.0
47.0
47.0
47.0
47.0
47.0
46.0
47.0
47.0
47.0
47.0
47.0
48.0
47.0
47.0
47.0
47.0
47.0
47.0
47.0
49.0
47.0
48.0
47.0
47.0
47.0
47.0
47.0
47.0
47.0
47.0
48.0
47.0
47.0
48.0
47.0
45.0
48.0
46.0
47.0
47.0
47.0
47.0
47.0
47.0
46.0
47.0
47.0
46.0
47.0
47.0
47.0
47.0
47.0
47.0
47.0
47.0
47.0
47.0
47.0
46.0
47.0
47.0
46.0
47.0
47.0
47.0
47.0
47.0
46.0
46.0
46.0
47.0
47.0
47.0
47.0
46.0
47.0
47.0
47.0
47.0
47.0
46.0
46.0
47.0
47.0
46.0
46.0
47.0
47.0
47.0
47.0
47.0
47.0
47.0
47.0
47.0
46.0
46.0
47.0
47.0
46.0
47.0
47.0
46.0
47.0
46.0
46.0
46.0
46.0
46.0
46.0
46.0
45.0
47.0
47.0
47.0
46.0
46.0
46.0
47.0
47.0
47.0
46.0
46.0
46.0
46.0
46.0
47.0
46.0
46.0
46.0
47.0
46.0
46.0
46.0
46.0
46.0
47.0
47.0
46.0
46.0
46.0
46.0
46.0
47.0
46.0
46.0
46.0
45.0
46.0
46.0
45.0
46.0
47.0
46.0
45.0
45.0
47.0
46.0
45.0
47.0
46.0
44.0
46.0
45.0
45.0
46.0
47.0
47.0
47.0
46.0
47.0
47.0
46.0
46.0
46.0
44.0
46.0
46.0
47.0
45.0
47.0
47.0
46.0
46.0
46.0
46.0
45.0
46.0
46.0
46.0
46.0
46.0
45.0
46.0
47.0
46.0
45.0
46.0
46.0
46.0
46.0
46.0
46.0
46.0
46.0
45.0
46.0
46.0
46.0
46.0
46.0
46.0
46.0
46.0
44.0
45.0
45.0
46.0
46.0
45.0
46.0
45.0
46.0
45.0
46.0
47.0
46.0
45.0
46.0
44.0
45.0
46.0
47.0
45.0
45.0
46.0
46.0
46.0
46.0
45.0
46.0
46.0
46.0
46.0
46.0
45.0
45.0
46.0
46.0
46.0
46.0
44.0
44.0
46.0
46.0
45.0
46.0
46.0
46.0
46.0
43.0
47.0
46.0
46.0
46.0
45.0
45.0
46.0
46.0
45.0
46.0
46.0
46.0
46.0
46.0
45.0
43.0
46.0
46.0
44.0
46.0
45.0
46.0
46.0
46.0
44.0
44.0
46.0
46.0
46.0
46.0
45.0
46.0
46.0
45.0
43.0
44.0
46.0
44.0
46.0
46.0
43.0
45.0
45.0
45.0
46.0
45.0
46.0
46.0
45.0
46.0
46.0
45.0
45.0
45.0
46.0
46.0
44.0
45.0
45.0
46.0
45.0
45.0
45.0
46.0
45.0
43.0
45.0
45.0
46.0
44.0
45.0
44.0
45.0
43.0
45.0
46.0
45.0
45.0
45.0
45.0
44.0
45.0
46.0
46.0
46.0
45.0
45.0
44.0
46.0
44.0
43.0
44.0
46.0
44.0
44.0
45.0
43.0
46.0
46.0
46.0
43.0
46.0
45.0
46.0
44.0
44.0
43.0
44.0
46.0
44.0
45.0
44.0
44.0
46.0
45.0
45.0
45.0
45.0
43.0
45.0
44.0
45.0
44.0
44.0
45.0
46.0
43.0
45.0
44.0
43.0
44.0
45.0
43.0
46.0
45.0
43.0
43.0
45.0
43.0
45.0
45.0
43.0
46.0
46.0
46.0
45.0
46.0
46.0
46.0
45.0
43.0
46.0
44.0
45.0
44.0
44.0
43.0
44.0
44.0
44.0
43.0
43.0
43.0
43.0
44.0
43.0
43.0
43.0
44.0
45.0
43.0
44.0
44.0
43.0
44.0
43.0
44.0
46.0
44.0
43.0
45.0
43.0
45.0
43.0
43.0
43.0
44.0
44.0
43.0
44.0
44.0
44.0
43.0
44.0
44.0
43.0
43.0
45.0
43.0
44.0
46.0
44.0
45.0
43.0
43.0
43.0
43.0
43.0
44.0
43.0
43.0
43.0
45.0
44.0
43.0
43.0
43.0
46.0
43.0
44.0
45.0
43.0
44.0
46.0
43.0
43.0
45.0
44.0
44.0
44.0
43.0
43.0
44.0
43.0
43.0
44.0
45.0
43.0
43.0
45.0
45.0
44.0
44.0
43.0
43.0
43.0
43.0
43.0
44.0
43.0
43.0
43.0
43.0
43.0
45.0
43.0
43.0
43.0
43.0
43.0
42.0
43.0
43.0
45.0
43.0
43.0
43.0
43.0
43.0
44.0
44.0
43.0
43.0
42.0
43.0
43.0
43.0
43.0
43.0
43.0
42.0
43.0
44.0
43.0
43.0
44.0
43.0
43.0
43.0
44.0
43.0
43.0
43.0
43.0
43.0
44.0
44.0
43.0
44.0
43.0
43.0
43.0
42.0
43.0
45.0
42.0
43.0
44.0
44.0
43.0
43.0
44.0
44.0
43.0
43.0
44.0
45.0
44.0
43.0
43.0
43.0
43.0
43.0
43.0
43.0
43.0
43.0
42.0
43.0
43.0
43.0
43.0
43.0
43.0
44.0
43.0
45.0
42.0
44.0
43.0
42.0
43.0
43.0
43.0
44.0
43.0
43.0
43.0
43.0
42.0
42.0
42.0
43.0
44.0
42.0
43.0
43.0
42.0
42.0
43.0
42.0
43.0
43.0
43.0
43.0
44.0
43.0
43.0
43.0
43.0
42.0
42.0
43.0
43.0
42.0
43.0
42.0
43.0
42.0
44.0
43.0
42.0
43.0
43.0
42.0
42.0
43.0
42.0
43.0
42.0
42.0
42.0
43.0
43.0
42.0
43.0
43.0
43.0
43.0
42.0
42.0
43.0
44.0
42.0
42.0
43.0
42.0
43.0
43.0
43.0
42.0
43.0
43.0
43.0
43.0
42.0
43.0
43.0
43.0
43.0
42.0
43.0
43.0
42.0
43.0
43.0
43.0
43.0
43.0
43.0
43.0
43.0
42.0
42.0
42.0
43.0
43.0
42.0
43.0
42.0
42.0
42.0
42.0
42.0
42.0
43.0
43.0
43.0
43.0
43.0
42.0
42.0
43.0
43.0
42.0
42.0
42.0
42.0
43.0
43.0
43.0
43.0
42.0
42.0
42.0
43.0
43.0
43.0
42.0
43.0
43.0
42.0
42.0
42.0
42.0
42.0
43.0
43.0
42.0
43.0
43.0
42.0
42.0
43.0
42.0
42.0
42.0
42.0
42.0
42.0
42.0
42.0
42.0
43.0
42.0
42.0
43.0
43.0
42.0
43.0
42.0
42.0
42.0
42.0
43.0
43.0
42.0
43.0
42.0
42.0
42.0
43.0
43.0
42.0
42.0
42.0
43.0
42.0
42.0
42.0
42.0
42.0
42.0
45.0
42.0
42.0
42.0
43.0
42.0
42.0
42.0
42.0
42.0
43.0
42.0
42.0
42.0
42.0
42.0
42.0
42.0
42.0
42.0
42.0
43.0
42.0
42.0
43.0
42.0
42.0
42.0
42.0
42.0
42.0
42.0
42.0
42.0
42.0
43.0
42.0
42.0
42.0
42.0
42.0
42.0
42.0
42.0
42.0
42.0
43.0
42.0
42.0
42.0
42.0
42.0
42.0
42.0
43.0
42.0
42.0
42.0
42.0
42.0
42.0
42.0
42.0
42.0
42.0
42.0
42.0
42.0
42.0
42.0
42.0
42.0
42.0
42.0
42.0
42.0
43.0
42.0
42.0
42.0
42.0
42.0
42.0
43.0
42.0
42.0
42.0
42.0
42.0
42.0
42.0
42.0
42.0
42.0
42.0
42.0
42.0
42.0
42.0
42.0
42.0
42.0
42.0
42.0
42.0
42.0
42.0
42.0
42.0
42.0
43.0
42.0
42.0
42.0
42.0
42.0
42.0
42.0
42.0
42.0
42.0
42.0
42.0
42.0
42.0
42.0
42.0
42.0
42.0
41.0
42.0
42.0
42.0
42.0
42.0
42.0
42.0
42.0
42.0
42.0
42.0
42.0
42.0
42.0
42.0
42.0
42.0
42.0
42.0
42.0
42.0
42.0
42.0
42.0
42.0
42.0
42.0
42.0
42.0
42.0
42.0
42.0
42.0
42.0
42.0
42.0
42.0
42.0
42.0
42.0
42.0
42.0
42.0
42.0
42.0
42.0
42.0
42.0
42.0
41.0
42.0
42.0
42.0
42.0
42.0
41.0
42.0
42.0
42.0
42.0
42.0
42.0
42.0
42.0
42.0
42.0
42.0
42.0
42.0
42.0
42.0
42.0
42.0
42.0
42.0
42.0
42.0
42.0
42.0
42.0
42.0
41.0
42.0
42.0
42.0
42.0
42.0
42.0
42.0
42.0
42.0
42.0
42.0
42.0
42.0
41.0
42.0
42.0
41.0
42.0
42.0
42.0
42.0
42.0
41.0
42.0
42.0
41.0
42.0
42.0
41.0
42.0
42.0
42.0
42.0
41.0
41.0
42.0
42.0
42.0
42.0
42.0
42.0
42.0
42.0
41.0
42.0
42.0
42.0
42.0
42.0
42.0
42.0
42.0
42.0
42.0
42.0
41.0
41.0
42.0
41.0
42.0
42.0
42.0
42.0
41.0
42.0
42.0
42.0
41.0
42.0
42.0
42.0
42.0
42.0
42.0
42.0
42.0
42.0
41.0
42.0
42.0
41.0
41.0
41.0
42.0
42.0
41.0
42.0
42.0
42.0
41.0
41.0
42.0
41.0
42.0
41.0
42.0
42.0
42.0
42.0
42.0
41.0
42.0
42.0
42.0
41.0
42.0
42.0
41.0
42.0
42.0
41.0
42.0
41.0
42.0
42.0
42.0
42.0
42.0
41.0
42.0
41.0
42.0
41.0
42.0
41.0
42.0
41.0
41.0
41.0
42.0
42.0
42.0
42.0
42.0
41.0
42.0
42.0
42.0
42.0
42.0
42.0
41.0
41.0
42.0
42.0
42.0
42.0
42.0
42.0
42.0
41.0
42.0
42.0
41.0
42.0
42.0
41.0
41.0
41.0
41.0
41.0
42.0
41.0
41.0
41.0
42.0
41.0
41.0
42.0
41.0
42.0
41.0
41.0
41.0
41.0
41.0
41.0
41.0
42.0
42.0
42.0
42.0
42.0
42.0
42.0
42.0
41.0
41.0
41.0
42.0
42.0
41.0
41.0
42.0
42.0
42.0
42.0
42.0
42.0
41.0
42.0
41.0
41.0
41.0
41.0
41.0
42.0
42.0
41.0
41.0
42.0
41.0
41.0
41.0
41.0
42.0
41.0
42.0
41.0
42.0
41.0
41.0
42.0
42.0
41.0
41.0
41.0
41.0
42.0
42.0
42.0
41.0
41.0
41.0
41.0
41.0
41.0
41.0
41.0
42.0
42.0
41.0
41.0
42.0
42.0
41.0
41.0
41.0
41.0
41.0
41.0
42.0
42.0
41.0
41.0
41.0
42.0
41.0
41.0
41.0
41.0
41.0
41.0
41.0
41.0
42.0
41.0
41.0
41.0
42.0
41.0
41.0
41.0
41.0
41.0
41.0
41.0
41.0
41.0
41.0
42.0
41.0
42.0
42.0
42.0
41.0
42.0
41.0
41.0
41.0
42.0
42.0
41.0
41.0
42.0
41.0
41.0
42.0
41.0
42.0
42.0
41.0
42.0
42.0
41.0
41.0
41.0
41.0
41.0
42.0
41.0
41.0
41.0
41.0
41.0
41.0
41.0
41.0
41.0
41.0
41.0
41.0
41.0
42.0
41.0
41.0
42.0
41.0
41.0
41.0
41.0
42.0
41.0
42.0
41.0
41.0
41.0
41.0
41.0
41.0
41.0
41.0
41.0
41.0
41.0
42.0
42.0
41.0
41.0
41.0
41.0
41.0
41.0
41.0
41.0
41.0
41.0
41.0
41.0
41.0
41.0
41.0
41.0
41.0
41.0
41.0
41.0
42.0
41.0
41.0
41.0
41.0
41.0
41.0
41.0
41.0
41.0
42.0
42.0
42.0
41.0
41.0
42.0
42.0
41.0
41.0
41.0
41.0
42.0
41.0
41.0
42.0
42.0
41.0
41.0
41.0
42.0
41.0
41.0
41.0
41.0
41.0
41.0
41.0
42.0
41.0
41.0
41.0
41.0
41.0
41.0
41.0
41.0
41.0
41.0
41.0
41.0
41.0
41.0
41.0
41.0
41.0
41.0
42.0
42.0
41.0
41.0
41.0
41.0
41.0
41.0
42.0
41.0
41.0
41.0
41.0
41.0
41.0
41.0
41.0
41.0
41.0
41.0
41.0
41.0
42.0
41.0
41.0
41.0
41.0
41.0
41.0
41.0
41.0
41.0
42.0
42.0
41.0
41.0
41.0
41.0
41.0
41.0
41.0
41.0
41.0
41.0
41.0
41.0
41.0
41.0
41.0
41.0
41.0
42.0
41.0
41.0
41.0
41.0
41.0
41.0
41.0
41.0
41.0
41.0
41.0
41.0
41.0
41.0
41.0
41.0
41.0
41.0
41.0
41.0
42.0
41.0
41.0
42.0
42.0
41.0
41.0
41.0
41.0
41.0
41.0
41.0
41.0
41.0
41.0
41.0
41.0
41.0
41.0
41.0
41.0
41.0
41.0
41.0
41.0
41.0
41.0
41.0
41.0
41.0
41.0
41.0
41.0
42.0
41.0
41.0
41.0
41.0
41.0
41.0
41.0
41.0
41.0
41.0
41.0
41.0
41.0
41.0
41.0
42.0
41.0
41.0
41.0
41.0
41.0
41.0
41.0
41.0
41.0
41.0
41.0
41.0
41.0
41.0
41.0
41.0
41.0
41.0
42.0
41.0
41.0
41.0
41.0
41.0
41.0
41.0
41.0
41.0
41.0
41.0
41.0
41.0
41.0
41.0
41.0
41.0
41.0
41.0
41.0
41.0
41.0
41.0
41.0
41.0
41.0
41.0
41.0
41.0
41.0
41.0
41.0
41.0
41.0
40.0
41.0
41.0
41.0
40.0
41.0
41.0
41.0
41.0
41.0
41.0
41.0
41.0
41.0
41.0
41.0
41.0
42.0
41.0
41.0
41.0
41.0
41.0
41.0
41.0
41.0
41.0
41.0
41.0
41.0
41.0
41.0
41.0
41.0
41.0
41.0
41.0
41.0
41.0
41.0
41.0
41.0
41.0
41.0
41.0
41.0
41.0
41.0
41.0
41.0
41.0
41.0
41.0
41.0
41.0
41.0
41.0
41.0
41.0
41.0
41.0
41.0
40.0
41.0
41.0
41.0
41.0
41.0
41.0
41.0
41.0
41.0
41.0
41.0
41.0
41.0
41.0
41.0
41.0
41.0
41.0
41.0
41.0
41.0
41.0
41.0
41.0
41.0
41.0
41.0
41.0
41.0
41.0
41.0
41.0
41.0
41.0
41.0
41.0
41.0
41.0
41.0
41.0
41.0
41.0
41.0
41.0
41.0
41.0
41.0
41.0
41.0
41.0
41.0
41.0
41.0
41.0
41.0
41.0
41.0
41.0
41.0
41.0
41.0
41.0
41.0
41.0
41.0
41.0
41.0
41.0
41.0
41.0
41.0
41.0
41.0
41.0
41.0
41.0
41.0
41.0
41.0
41.0
41.0
41.0
41.0
40.0
41.0
41.0
41.0
41.0
41.0
41.0
41.0
41.0
41.0
41.0
41.0
41.0
41.0
41.0
41.0
41.0
41.0
41.0
41.0
41.0
41.0
41.0
41.0
41.0
41.0
41.0
41.0
41.0
41.0
41.0
41.0
41.0
41.0
41.0
41.0
41.0
41.0
41.0
41.0
41.0
41.0
41.0
41.0
41.0
41.0
41.0
41.0
41.0
41.0
41.0
41.0
41.0
41.0
41.0
41.0
41.0
41.0
41.0
41.0
41.0
40.0
41.0
41.0
41.0
41.0
41.0
41.0
41.0
41.0
41.0
41.0
41.0
41.0
41.0
41.0
41.0
41.0
41.0
41.0
41.0
41.0
41.0
41.0
41.0
41.0
41.0
41.0
41.0
41.0
41.0
41.0
41.0
41.0
41.0
41.0
41.0
41.0
41.0
41.0
41.0
40.0
41.0
41.0
41.0
41.0
41.0
41.0
41.0
41.0
41.0
41.0
41.0
41.0
41.0
41.0
41.0
40.0
41.0
41.0
41.0
41.0
41.0
41.0
41.0
41.0
41.0
41.0
40.0
41.0
41.0
41.0
41.0
41.0
41.0
41.0
41.0
40.0
41.0
41.0
41.0
41.0
41.0
41.0
41.0
41.0
41.0
41.0
41.0
41.0
40.0
41.0
41.0
41.0
41.0
41.0
41.0
41.0
41.0
41.0
40.0
41.0
41.0
41.0
41.0
41.0
41.0
41.0
41.0
41.0
41.0
41.0
40.0
40.0
41.0
41.0
41.0
41.0
41.0
41.0
41.0
41.0
41.0
41.0
41.0
41.0
41.0
41.0
41.0
41.0
41.0
40.0
41.0
41.0
40.0
41.0
41.0
41.0
41.0
41.0
41.0
41.0
41.0
41.0
41.0
41.0
41.0
41.0
41.0
41.0
41.0
41.0
41.0
41.0
41.0
41.0
40.0
41.0
40.0
40.0
41.0
41.0
41.0
41.0
40.0
41.0
41.0
41.0
40.0
40.0
41.0
41.0
41.0
40.0
40.0
41.0
41.0
40.0
41.0
40.0
40.0
41.0
41.0
40.0
41.0
40.0
41.0
41.0
40.0
40.0
41.0
41.0
41.0
41.0
41.0
41.0
41.0
41.0
40.0
41.0
41.0
40.0
41.0
41.0
41.0
41.0
41.0
41.0
41.0
41.0
40.0
41.0
41.0
40.0
41.0
41.0
41.0
41.0
41.0
41.0
41.0
41.0
40.0
41.0
41.0
41.0
41.0
41.0
40.0
41.0
41.0
41.0
41.0
41.0
40.0
41.0
41.0
40.0
40.0
41.0
40.0
41.0
41.0
41.0
41.0
41.0
41.0
41.0
41.0
41.0
41.0
41.0
41.0
40.0
41.0
40.0
41.0
41.0
41.0
40.0
41.0
41.0
40.0
40.0
41.0
40.0
41.0
41.0
40.0
41.0
41.0
41.0
41.0
41.0
41.0
41.0
41.0
40.0
41.0
41.0
41.0
40.0
40.0
41.0
41.0
40.0
40.0
41.0
41.0
41.0
41.0
40.0
41.0
40.0
41.0
41.0
40.0
41.0
41.0
41.0
41.0
40.0
41.0
41.0
41.0
41.0
40.0
41.0
41.0
41.0
41.0
41.0
41.0
41.0
41.0
41.0
41.0
41.0
41.0
40.0
41.0
41.0
41.0
41.0
41.0
40.0
41.0
41.0
41.0
41.0
40.0
41.0
40.0
41.0
40.0
40.0
41.0
41.0
41.0
41.0
41.0
40.0
41.0
41.0
41.0
40.0
41.0
41.0
41.0
40.0
41.0
41.0
41.0
40.0
41.0
41.0
41.0
41.0
40.0
40.0
41.0
40.0
40.0
41.0
41.0
40.0
41.0
41.0
41.0
41.0
41.0
40.0
41.0
41.0
41.0
40.0
41.0
41.0
41.0
41.0
41.0
40.0
40.0
41.0
41.0
41.0
40.0
40.0
40.0
41.0
41.0
41.0
41.0
41.0
40.0
40.0
41.0
41.0
41.0
41.0
41.0
41.0
41.0
39.0
40.0
41.0
41.0
41.0
41.0
40.0
41.0
41.0
41.0
41.0
41.0
41.0
40.0
40.0
41.0
41.0
41.0
41.0
41.0
41.0
40.0
41.0
40.0
41.0
41.0
40.0
41.0
40.0
41.0
41.0
41.0
39.0
40.0
40.0
41.0
40.0
41.0
41.0
41.0
40.0
41.0
41.0
40.0
41.0
41.0
40.0
41.0
40.0
40.0
41.0
41.0
41.0
40.0
41.0
41.0
40.0
40.0
41.0
40.0
41.0
40.0
40.0
41.0
40.0
41.0
41.0
40.0
41.0
41.0
41.0
40.0
40.0
40.0
41.0
41.0
40.0
41.0
41.0
40.0
41.0
41.0
40.0
40.0
41.0
40.0
41.0
40.0
41.0
40.0
40.0
40.0
40.0
41.0
40.0
40.0
41.0
40.0
40.0
40.0
40.0
41.0
40.0
40.0
40.0
41.0
41.0
41.0
41.0
40.0
40.0
41.0
40.0
41.0
41.0
40.0
41.0
41.0
41.0
41.0
40.0
40.0
41.0
41.0
40.0
39.0
41.0
41.0
41.0
40.0
41.0
40.0
40.0
41.0
40.0
40.0
40.0
41.0
40.0
41.0
40.0
40.0
40.0
40.0
40.0
40.0
41.0
41.0
40.0
41.0
41.0
40.0
40.0
41.0
41.0
40.0
40.0
40.0
40.0
40.0
40.0
40.0
41.0
41.0
40.0
41.0
40.0
40.0
41.0
41.0
41.0
40.0
41.0
40.0
40.0
40.0
40.0
40.0
41.0
40.0
40.0
41.0
41.0
40.0
41.0
40.0
41.0
40.0
40.0
41.0
40.0
41.0
40.0
41.0
40.0
40.0
41.0
41.0
41.0
40.0
41.0
41.0
41.0
40.0
40.0
41.0
40.0
40.0
41.0
40.0
40.0
40.0
41.0
41.0
40.0
40.0
41.0
40.0
40.0
41.0
41.0
40.0
40.0
40.0
40.0
40.0
40.0
40.0
40.0
40.0
40.0
41.0
40.0
41.0
40.0
41.0
40.0
40.0
40.0
41.0
40.0
41.0
41.0
41.0
40.0
40.0
40.0
40.0
40.0
40.0
41.0
40.0
41.0
40.0
41.0
41.0
41.0
41.0
40.0
41.0
40.0
40.0
41.0
40.0
41.0
41.0
40.0
41.0
40.0
40.0
40.0
40.0
40.0
41.0
40.0
41.0
41.0
41.0
41.0
40.0
40.0
41.0
40.0
40.0
40.0
41.0
40.0
40.0
40.0
40.0
40.0
40.0
41.0
40.0
41.0
41.0
40.0
40.0
41.0
40.0
40.0
41.0
41.0
41.0
40.0
41.0
41.0
40.0
40.0
41.0
40.0
40.0
40.0
40.0
41.0
41.0
41.0
41.0
40.0
40.0
41.0
40.0
40.0
40.0
40.0
40.0
40.0
40.0
40.0
41.0
40.0
40.0
41.0
40.0
40.0
41.0
40.0
40.0
40.0
40.0
41.0
41.0
41.0
40.0
40.0
40.0
39.0
41.0
41.0
40.0
41.0
40.0
41.0
41.0
40.0
40.0
40.0
41.0
41.0
40.0
40.0
41.0
40.0
41.0
41.0
40.0
41.0
40.0
40.0
41.0
40.0
40.0
41.0
39.0
40.0
40.0
41.0
41.0
41.0
41.0
41.0
40.0
40.0
41.0
40.0
40.0
41.0
41.0
40.0
40.0
40.0
40.0
40.0
40.0
40.0
40.0
40.0
40.0
41.0
40.0
40.0
40.0
40.0
40.0
40.0
40.0
40.0
40.0
40.0
40.0
40.0
41.0
40.0
40.0
41.0
41.0
40.0
40.0
40.0
40.0
40.0
40.0
40.0
40.0
40.0
40.0
41.0
40.0
40.0
40.0
40.0
40.0
40.0
40.0
40.0
41.0
40.0
41.0
41.0
40.0
40.0
40.0
40.0
40.0
41.0
40.0
40.0
40.0
41.0
40.0
39.0
40.0
40.0
40.0
39.0
40.0
40.0
40.0
40.0
41.0
40.0
40.0
41.0
40.0
40.0
40.0
40.0
40.0
40.0
40.0
40.0
41.0
40.0
40.0
40.0
41.0
40.0
40.0
40.0
40.0
40.0
41.0
41.0
40.0
41.0
41.0
40.0
41.0
40.0
41.0
40.0
40.0
40.0
40.0
41.0
40.0
41.0
41.0
40.0
40.0
41.0
40.0
41.0
41.0
40.0
40.0
41.0
40.0
40.0
41.0
40.0
40.0
41.0
40.0
40.0
40.0
40.0
41.0
40.0
40.0
40.0
41.0
40.0
40.0
41.0
41.0
40.0
40.0
40.0
40.0
40.0
40.0
40.0
40.0
40.0
40.0
41.0
40.0
40.0
40.0
40.0
40.0
40.0
40.0
40.0
40.0
40.0
40.0
40.0
40.0
40.0
40.0
40.0
40.0
41.0
40.0
40.0
41.0
41.0
40.0
41.0
40.0
40.0
41.0
39.0
40.0
41.0
40.0
40.0
40.0
40.0
40.0
41.0
40.0
40.0
40.0
39.0
40.0
40.0
40.0
40.0
40.0
40.0
40.0
40.0
41.0
40.0
40.0
41.0
40.0
41.0
40.0
40.0
41.0
41.0
41.0
40.0
40.0
41.0
40.0
40.0
40.0
39.0
40.0
41.0
40.0
41.0
40.0
40.0
40.0
40.0
40.0
39.0
40.0
39.0
40.0
40.0
40.0
40.0
40.0
41.0
41.0
41.0
40.0
41.0
40.0
40.0
40.0
41.0
40.0
40.0
40.0
40.0
41.0
40.0
40.0
41.0
40.0
40.0
40.0
40.0
40.0
40.0
39.0
40.0
40.0
41.0
40.0
40.0
40.0
41.0
40.0
40.0
40.0
40.0
40.0
40.0
40.0
40.0
41.0
40.0
41.0
40.0
40.0
40.0
40.0
40.0
40.0
40.0
40.0
41.0
40.0
41.0
40.0
40.0
40.0
40.0
40.0
40.0
40.0
40.0
40.0
40.0
40.0
40.0
40.0
40.0
40.0
40.0
40.0
40.0
40.0
41.0
41.0
40.0
40.0
41.0
40.0
40.0
41.0
40.0
40.0
41.0
39.0
41.0
40.0
39.0
40.0
40.0
40.0
40.0
40.0
40.0
40.0
40.0
40.0
40.0
40.0
40.0
40.0
40.0
39.0
41.0
40.0
40.0
41.0
40.0
40.0
40.0
41.0
40.0
40.0
41.0
40.0
40.0
40.0
40.0
40.0
40.0
40.0
40.0
40.0
40.0
40.0
41.0
40.0
41.0
40.0
40.0
41.0
39.0
40.0
40.0
41.0
41.0
40.0
40.0
41.0
40.0
41.0
40.0
40.0
41.0
40.0
40.0
40.0
40.0
40.0
40.0
40.0
40.0
40.0
40.0
40.0
40.0
40.0
40.0
41.0
40.0
40.0
40.0
41.0
40.0
40.0
40.0
40.0
40.0
41.0
40.0
40.0
40.0
40.0
40.0
40.0
40.0
40.0
40.0
40.0
40.0
40.0
41.0
40.0
40.0
40.0
40.0
40.0
41.0
40.0
40.0
40.0
40.0
40.0
39.0
40.0
40.0
40.0
40.0
40.0
40.0
40.0
39.0
40.0
40.0
40.0
40.0
41.0
41.0
40.0
40.0
40.0
40.0
40.0
40.0
40.0
40.0
39.0
40.0
40.0
40.0
40.0
39.0
40.0
40.0
40.0
40.0
40.0
40.0
40.0
40.0
41.0
40.0
40.0
40.0
41.0
40.0
41.0
40.0
40.0
40.0
40.0
40.0
40.0
40.0
40.0
40.0
41.0
40.0
40.0
39.0
40.0
40.0
40.0
40.0
40.0
41.0
40.0
41.0
40.0
40.0
40.0
40.0
40.0
40.0
41.0
40.0
40.0
41.0
40.0
40.0
40.0
40.0
40.0
40.0
40.0
40.0
40.0
39.0
40.0
41.0
40.0
40.0
40.0
40.0
40.0
40.0
40.0
41.0
40.0
40.0
40.0
40.0
40.0
40.0
40.0
40.0
40.0
40.0
40.0
40.0
41.0
40.0
40.0
41.0
40.0
41.0
40.0
40.0
40.0
40.0
40.0
40.0
40.0
39.0
40.0
40.0
40.0
40.0
40.0
40.0
40.0
40.0
40.0
40.0
40.0
39.0
41.0
40.0
40.0
40.0
40.0
40.0
40.0
41.0
40.0
40.0
40.0
40.0
39.0
40.0
41.0
41.0
40.0
40.0
40.0
40.0
39.0
40.0
40.0
40.0
39.0
40.0
40.0
40.0
40.0
40.0
40.0
40.0
40.0
40.0
39.0
40.0
40.0
40.0
40.0
41.0
40.0
40.0
40.0
40.0
40.0
40.0
40.0
40.0
40.0
40.0
41.0
40.0
40.0
41.0
40.0
40.0
40.0
40.0
40.0
40.0
40.0
40.0
39.0
40.0
40.0
40.0
40.0
39.0
40.0
40.0
41.0
40.0
40.0
40.0
40.0
40.0
41.0
40.0
40.0
40.0
40.0
40.0
40.0
40.0
41.0
40.0
40.0
40.0
39.0
41.0
40.0
40.0
40.0
40.0
39.0
40.0
40.0
40.0
41.0
40.0
41.0
39.0
40.0
40.0
40.0
40.0
40.0
40.0
40.0
40.0
40.0
40.0
40.0
40.0
40.0
40.0
40.0
40.0
40.0
40.0
40.0
40.0
40.0
40.0
40.0
40.0
40.0
40.0
40.0
40.0
40.0
40.0
40.0
40.0
40.0
40.0
40.0
40.0
40.0
41.0
40.0
40.0
40.0
40.0
40.0
40.0
40.0
40.0
40.0
40.0
40.0
40.0
40.0
40.0
40.0
41.0
40.0
41.0
41.0
40.0
41.0
40.0
40.0
40.0
40.0
40.0
40.0
40.0
40.0
40.0
40.0
40.0
40.0
40.0
40.0
40.0
41.0
40.0
40.0
40.0
40.0
41.0
40.0
40.0
39.0
40.0
40.0
40.0
40.0
40.0
40.0
40.0
40.0
40.0
40.0
39.0
40.0
40.0
39.0
41.0
40.0
40.0
40.0
40.0
40.0
40.0
40.0
40.0
40.0
40.0
39.0
40.0
41.0
40.0
40.0
40.0
40.0
40.0
40.0
40.0
40.0
41.0
40.0
40.0
40.0
40.0
40.0
40.0
40.0
40.0
41.0
40.0
40.0
40.0
40.0
40.0
39.0
40.0
39.0
40.0
41.0
41.0
39.0
40.0
40.0
40.0
39.0
40.0
39.0
40.0
40.0
40.0
40.0
40.0
40.0
40.0
41.0
40.0
40.0
40.0
40.0
40.0
41.0
40.0
40.0
40.0
40.0
40.0
40.0
40.0
40.0
39.0
40.0
40.0
40.0
40.0
40.0
40.0
40.0
40.0
40.0
40.0
40.0
40.0
40.0
40.0
40.0
40.0
40.0
40.0
40.0
40.0
40.0
41.0
40.0
40.0
40.0
40.0
40.0
40.0
40.0
40.0
41.0
40.0
40.0
40.0
40.0
40.0
40.0
40.0
40.0
40.0
40.0
41.0
40.0
40.0
40.0
40.0
40.0
40.0
41.0
40.0
40.0
40.0
40.0
40.0
40.0
40.0
40.0
40.0
39.0
40.0
40.0
40.0
41.0
40.0
40.0
40.0
40.0
40.0
40.0
40.0
40.0
40.0
40.0
40.0
40.0
40.0
40.0
40.0
40.0
40.0
39.0
40.0
40.0
40.0
40.0
41.0
40.0
40.0
40.0
41.0
41.0
40.0
40.0
39.0
40.0
40.0
40.0
40.0
40.0
40.0
39.0
40.0
40.0
39.0
40.0
40.0
40.0
40.0
40.0
40.0
40.0
40.0
40.0
40.0
40.0
40.0
39.0
40.0
40.0
40.0
40.0
40.0
40.0
40.0
40.0
40.0
40.0
39.0
40.0
40.0
40.0
39.0
40.0
39.0
39.0
40.0
39.0
40.0
40.0
40.0
40.0
40.0
40.0
40.0
40.0
40.0
40.0
40.0
40.0
41.0
40.0
40.0
40.0
40.0
40.0
39.0
40.0
39.0
40.0
40.0
40.0
40.0
40.0
40.0
40.0
40.0
40.0
40.0
40.0
40.0
40.0
40.0
40.0
40.0
40.0
41.0
40.0
40.0
40.0
40.0
40.0
40.0
40.0
40.0
40.0
39.0
40.0
41.0
40.0
39.0
40.0
40.0
40.0
40.0
40.0
40.0
40.0
40.0
39.0
40.0
40.0
39.0
40.0
40.0
40.0
40.0
40.0
40.0
40.0
40.0
41.0
40.0
40.0
40.0
40.0
40.0
40.0
40.0
40.0
40.0
39.0
40.0
40.0
40.0
40.0
40.0
40.0
40.0
40.0
40.0
40.0
39.0
40.0
40.0
40.0
40.0
40.0
40.0
39.0
40.0
40.0
40.0
40.0
40.0
40.0
40.0
40.0
40.0
40.0
40.0
40.0
40.0
40.0
40.0
40.0
40.0
40.0
40.0
40.0
40.0
40.0
40.0
40.0
40.0
40.0
40.0
40.0
40.0
40.0
40.0
39.0
39.0
40.0
40.0
40.0
39.0
40.0
40.0
40.0
40.0
39.0
40.0
40.0
40.0
40.0
40.0
40.0
39.0
40.0
40.0
40.0
40.0
39.0
40.0
40.0
40.0
40.0
40.0
40.0
40.0
40.0
40.0
40.0
40.0
40.0
40.0
40.0
40.0
40.0
40.0
40.0
40.0
40.0
40.0
40.0
40.0
40.0
40.0
40.0
40.0
41.0
40.0
40.0
40.0
40.0
40.0
39.0
39.0
40.0
41.0
40.0
41.0
40.0
40.0
39.0
40.0
40.0
40.0
39.0
39.0
39.0
40.0
40.0
39.0
39.0
40.0
40.0
40.0
40.0
40.0
40.0
40.0
40.0
40.0
39.0
40.0
41.0
40.0
40.0
40.0
40.0
40.0
40.0
40.0
40.0
40.0
40.0
40.0
40.0
40.0
40.0
40.0
40.0
39.0
41.0
40.0
40.0
40.0
40.0
40.0
40.0
40.0
40.0
40.0
40.0
40.0
40.0
40.0
39.0
40.0
40.0
40.0
40.0
40.0
40.0
40.0
40.0
40.0
40.0
39.0
40.0
40.0
40.0
40.0
40.0
40.0
40.0
40.0
40.0
39.0
40.0
40.0
40.0
40.0
40.0
40.0
41.0
40.0
40.0
40.0
39.0
40.0
40.0
40.0
40.0
39.0
40.0
40.0
40.0
40.0
40.0
41.0
40.0
40.0
40.0
40.0
40.0
40.0
40.0
40.0
40.0
40.0
40.0
40.0
40.0
40.0
39.0
39.0
40.0
40.0
40.0
40.0
40.0
40.0
39.0
40.0
40.0
40.0
40.0
40.0
40.0
40.0
39.0
39.0
39.0
40.0
40.0
39.0
40.0
40.0
40.0
40.0
40.0
40.0
40.0
40.0
40.0
40.0
40.0
40.0
40.0
40.0
40.0
40.0
39.0
40.0
40.0
40.0
40.0
40.0
40.0
40.0
40.0
40.0
40.0
40.0
40.0
40.0
40.0
40.0
40.0
40.0
40.0
40.0
40.0
40.0
40.0
39.0
39.0
40.0
40.0
40.0
40.0
39.0
40.0
40.0
40.0
39.0
40.0
39.0
40.0
39.0
40.0
40.0
40.0
40.0
40.0
40.0
40.0
40.0
40.0
40.0
40.0
40.0
40.0
40.0
39.0
40.0
40.0
40.0
40.0
40.0
40.0
40.0
40.0
40.0
40.0
40.0
40.0
40.0
40.0
40.0
40.0
39.0
40.0
40.0
39.0
40.0
40.0
40.0
40.0
40.0
40.0
40.0
40.0
40.0
40.0
40.0
40.0
40.0
40.0
40.0
40.0
39.0
40.0
40.0
40.0
40.0
40.0
40.0
40.0
40.0
40.0
40.0
40.0
40.0
40.0
40.0
40.0
40.0
40.0
40.0
40.0
39.0
41.0
39.0
40.0
40.0
40.0
40.0
40.0
39.0
40.0
40.0
40.0
40.0
40.0
39.0
40.0
39.0
40.0
40.0
40.0
40.0
39.0
40.0
40.0
40.0
40.0
39.0
40.0
40.0
39.0
40.0
40.0
40.0
40.0
40.0
39.0
40.0
40.0
40.0
40.0
40.0
40.0
40.0
40.0
40.0
40.0
40.0
40.0
40.0
40.0
41.0
40.0
40.0
40.0
40.0
40.0
40.0
40.0
39.0
40.0
40.0
40.0
40.0
40.0
40.0
40.0
39.0
40.0
40.0
40.0
40.0
40.0
40.0
39.0
40.0
40.0
40.0
40.0
40.0
40.0
39.0
40.0
40.0
40.0
40.0
40.0
40.0
40.0
40.0
40.0
40.0
40.0
40.0
39.0
40.0
39.0
40.0
40.0
39.0
40.0
40.0
40.0
40.0
40.0
40.0
40.0
40.0
40.0
40.0
39.0
40.0
40.0
40.0
40.0
39.0
40.0
39.0
39.0
40.0
40.0
40.0
40.0
39.0
39.0
40.0
40.0
39.0
40.0
39.0
40.0
40.0
40.0
40.0
40.0
39.0
40.0
40.0
40.0
40.0
40.0
40.0
40.0
40.0
40.0
40.0
40.0
40.0
39.0
40.0
40.0
40.0
39.0
39.0
40.0
40.0
40.0
40.0
40.0
40.0
40.0
40.0
40.0
40.0
39.0
40.0
39.0
40.0
39.0
40.0
40.0
40.0
40.0
40.0
40.0
40.0
40.0
40.0
40.0
40.0
39.0
40.0
40.0
40.0
40.0
40.0
40.0
40.0
40.0
40.0
40.0
39.0
40.0
40.0
39.0
40.0
40.0
40.0
40.0
40.0
40.0
40.0
40.0
40.0
40.0
39.0
40.0
40.0
39.0
40.0
40.0
40.0
40.0
40.0
40.0
39.0
40.0
40.0
40.0
40.0
40.0
40.0
40.0
40.0
40.0
40.0
40.0
40.0
40.0
40.0
40.0
40.0
40.0
40.0
40.0
40.0
40.0
40.0
39.0
40.0
40.0
40.0
40.0
40.0
40.0
40.0
40.0
40.0
40.0
40.0
40.0
40.0
39.0
40.0
39.0
40.0
41.0
40.0
40.0
40.0
40.0
40.0
40.0
40.0
40.0
40.0
40.0
40.0
40.0
40.0
40.0
40.0
39.0
40.0
40.0
41.0
40.0
40.0
40.0
40.0
40.0
39.0
40.0
40.0
40.0
40.0
39.0
40.0
40.0
40.0
39.0
40.0
40.0
39.0
40.0
40.0
40.0
39.0
40.0
40.0
40.0
40.0
39.0
40.0
39.0
40.0
40.0
40.0
40.0
40.0
39.0
40.0
40.0
39.0
40.0
40.0
39.0
40.0
40.0
40.0
40.0
40.0
40.0
39.0
40.0
40.0
40.0
40.0
40.0
38.0
40.0
40.0
40.0
40.0
40.0
40.0
40.0
40.0
40.0
40.0
40.0
41.0
40.0
40.0
40.0
40.0
40.0
40.0
39.0
39.0
39.0
40.0
40.0
39.0
40.0
40.0
39.0
40.0
40.0
40.0
40.0
40.0
40.0
39.0
40.0
40.0
40.0
40.0
40.0
39.0
40.0
39.0
40.0
40.0
40.0
40.0
40.0
39.0
40.0
39.0
40.0
40.0
40.0
40.0
40.0
40.0
40.0
40.0
40.0
40.0
40.0
40.0
40.0
40.0
40.0
40.0
40.0
38.0
40.0
40.0
40.0
40.0
40.0
39.0
39.0
40.0
40.0
39.0
40.0
40.0
40.0
40.0
39.0
40.0
40.0
39.0
40.0
40.0
40.0
40.0
40.0
40.0
39.0
39.0
40.0
40.0
40.0
40.0
40.0
39.0
40.0
40.0
40.0
40.0
40.0
40.0
40.0
39.0
41.0
39.0
39.0
40.0
40.0
40.0
40.0
40.0
40.0
40.0
40.0
39.0
40.0
39.0
39.0
40.0
40.0
40.0
39.0
39.0
40.0
40.0
39.0
40.0
40.0
40.0
39.0
40.0
39.0
40.0
40.0
40.0
40.0
40.0
39.0
40.0
40.0
40.0
40.0
40.0
39.0
40.0
39.0
40.0
40.0
39.0
40.0
39.0
40.0
40.0
39.0
39.0
39.0
40.0
40.0
40.0
40.0
40.0
40.0
40.0
40.0
40.0
40.0
39.0
40.0
40.0
40.0
40.0
40.0
40.0
40.0
40.0
39.0
40.0
40.0
40.0
40.0
40.0
40.0
40.0
40.0
40.0
40.0
39.0
40.0
39.0
40.0
39.0
39.0
39.0
40.0
40.0
40.0
40.0
40.0
40.0
39.0
40.0
40.0
40.0
40.0
40.0
40.0
40.0
