Default maxiter = 1024; set to maxiter = 4096 
3796
3586
3200
1934
1909
2028
1449
1394
1395
1066
1052
1059
880
878
847
720
729
716
628
636
631
551
552
558
511
513
516
474
467
461
442
441
436
411
408
415
385
380
388
379
369
368
361
358
352
350
350
345
344
340
339
332
330
323
321
320
314
308
313
315
310
307
302
301
304
301
301
297
301
301
298
296
295
297
291
292
293
295
290
292
293
287
289
292
287
292
289
281
285
288
284
287
284
285
278
284
281
285
279
280
284
283
283
282
279
282
279
277
285
278
282
277
275
277
276
281
282
276
280
281
281
280
278
279
279
274
276
281
274
279
279
274
276
274
275
277
272
277
277
282
278
274
281
278
280
273
278
279
282
278
274
280
274
274
278
276
282
274
273
281
279
279
272
286
281
283
277
280
276
280
278
277
276
279
276
268
275
279
279
285
284
280
286
282
281
280
276
283
273
282
280
285
281
281
282
281
276
271
266
280
281
275
280
281
284
278
282
283
270
280
283
284
278
283
279
277
266
286
283
280
274
273
267
282
276
275
275
277
275
280
278
273
266
281
277
268
276
273
282
282
264
271
273
282
260
274
282
270
275
276
279
274
279
277
257
276
274
267
263
275
282
274
280
271
274
269
278
276
278
278
273
265
273
272
275
264
265
279
274
278
275
279
272
280
278
276
272
275
269
276
275
273
279
275
271
279
279
273
280
276
277
275
276
265
276
277
277
275
265
276
276
264
276
274
274
276
274
274
265
275
265
276
268
274
275
273
270
268
273
270
273
270
269
272
272
268
266
269
265
271
271
267
271
273
268
264
265
272
269
270
255
270
262
268
270
272
266
271
268
268
270
266
265
259
266
265
268
265
266
265
271
269
269
259
267
254
260
263
268
267
261
269
266
267
269
265
265
263
262
270
259
266
265
265
266
261
264
261
269
266
267
270
254
264
266
264
266
267
267
257
267
267
264
270
266
270
264
254
267
263
255
269
263
261
267
261
265
261
264
259
257
265
267
265
255
263
264
264
265
253
266
264
260
260
266
267
269
266
254
266
262
263
260
267
265
263
263
264
262
263
264
261
264
260
263
257
260
260
262
259
263
266
272
260
268
270
261
272
271
264
260
265
264
270
272
271
267
267
271
265
270
264
272
264
272
266
262
261
266
267
266
267
273
269
267
260
259
269
268
268
267
266
265
270
269
260
266
272
267
270
261
263
269
269
264
266
272
270
270
272
267
269
262
269
270
265
270
274
264
273
268
268
269
265
271
269
272
274
264
268
272
274
262
266
270
269
278
276
274
253
277
275
280
269
284
271
269
278
282
266
280
280
280
268
277
278
276
274
277
272
271
283
280
277
278
276
274
275
274
276
271
272
277
275
271
273
277
276
276
276
270
266
274
269
278
282
272
274
268
271
271
274
271
270
269
269
264
279
265
269
269
269
282
270
268
273
268
276
285
267
281
285
282
266
286
273
280
280
280
271
265
273
271
280
279
280
274
275
273
275
274
273
277
274
268
278
276
275
276
275
270
270
268
268
270
271
264
266
259
261
260
261
264
260
258
268
259
261
254
251
261
253
257
259
252
251
250
245
247
248
248
246
245
241
241
246
240
237
240
236
237
234
231
232
234
228
229
229
230
227
226
224
225
226
221
224
219
214
211
220
217
215
214
212
208
213
210
205
208
208
209
208
205
203
202
203
204
203
197
194
204
198
201
198
194
193
189
190
192
190
188
185
186
185
183
182
182
180
184
181
184
180
178
177
181
175
176
177
171
173
171
168
174
174
170
167
166
170
170
167
169
168
168
166
162
161
161
162
161
162
160
162
159
158
156
163
156
158
154
156
156
154
150
153
154
150
145
148
153
152
146
147
150
143
147
151
146
144
148
146
146
146
146
144
143
146
145
141
140
144
142
139
142
141
141
138
140
137
141
139
138
141
139
135
138
142
137
138
139
137
137
138
136
135
139
135
133
133
135
135
135
135
128
135
134
136
135
133
135
132
134
127
133
131
129
125
127
132
135
131
132
129
130
127
132
123
129
133
123
125
130
130
130
129
124
125
124
126
128
126
127
125
122
127
123
124
124
122
120
124
122
122
118
125
123
124
121
120
115
120
121
119
120
122
121
120
120
120
120
121
118
120
119
119
113
120
118
116
120
117
118
121
120
117
118
115
119
115
113
119
118
118
115
117
116
116
115
113
115
118
113
114
117
115
117
114
114
113
111
112
113
117
114
113
111
115
112
114
110
112
113
112
114
116
113
113
112
110
112
112
114
108
109
110
113
113
113
111
112
108
112
109
111
110
107
109
107
111
112
110
112
111
109
109
110
109
109
110
108
109
108
111
108
108
109
109
107
109
107
109
106
108
108
109
109
107
109
109
105
109
110
107
101
107
107
107
107
107
108
108
107
106
104
108
108
108
108
107
107
104
107
105
105
104
105
106
106
108
105
104
108
106
105
107
107
105
105
105
102
104
104
107
104
101
102
104
105
106
100
104
105
105
101
104
101
102
107
102
103
104
104
101
104
103
103
102
101
102
101
105
105
100
101
102
105
100
100
100
100
101
104
101
99
101
98
100
100
100
101
102
98
100
100
98
102
100
100
100
98
99
98
100
99
100
100
97
98
100
99
99
100
100
98
98
100
99
98
100
100
98
99
100
97
98
98
98
99
98
98
100
98
98
99
98
98
96
99
98
97
97
98
98
100
96
94
98
99
96
100
96
96
96
97
96
96
97
96
96
97
96
96
98
98
96
99
97
96
96
95
97
97
97
96
96
95
96
97
97
97
97
97
96
95
94
96
96
95
96
96
96
95
95
95
97
96
96
96
95
95
96
95
95
95
95
95
95
97
96
95
95
95
95
95
95
95
95
95
95
95
93
95
95
95
95
95
95
93
95
95
95
95
94
95
94
94
95
93
94
93
94
94
93
93
95
95
94
95
94
93
95
95
94
95
92
95
95
95
95
94
93
93
94
93
94
93
92
93
91
93
93
94
93
94
93
93
95
94
92
95
93
94
94
92
92
92
93
92
94
94
93
93
93
92
92
91
94
94
94
94
94
93
92
91
93
94
93
93
90
91
90
90
93
92
93
92
93
92
94
91
92
92
93
91
91
91
90
92
91
91
90
93
89
93
90
90
93
91
88
87
91
94
93
93
92
92
93
92
90
91
92
91
92
91
90
89
92
91
92
90
92
90
91
90
90
92
92
89
89
93
90
87
91
91
90
88
87
92
91
89
91
89
94
91
88
87
91
90
93
88
88
92
90
91
91
90
92
88
87
89
88
87
90
87
89
89
90
88
88
91
88
87
90
87
90
88
90
88
89
90
88
87
88
89
88
88
88
88
89
88
87
87
88
87
86
86
87
87
88
88
89
86
88
87
87
88
87
88
88
88
87
88
86
88
88
87
87
86
87
86
86
87
87
89
86
87
86
88
86
87
86
88
86
86
88
85
86
86
85
86
88
85
86
87
87
87
85
86
88
86
86
86
86
86
86
86
87
86
86
86
86
85
88
86
86
85
85
86
85
88
86
86
85
86
85
86
86
83
86
86
85
86
85
86
86
86
86
85
86
86
86
86
86
86
86
85
85
85
86
85
85
84
84
86
86
86
86
86
84
85
85
85
84
85
86
86
86
86
84
85
85
86
85
86
86
86
84
84
84
83
86
86
84
85
84
85
85
84
84
84
84
84
86
84
85
84
86
84
84
85
84
85
84
86
83
84
84
84
83
84
85
84
84
84
84
84
84
85
84
85
84
84
84
84
84
85
84
84
83
83
85
85
84
84
83
83
83
85
85
85
84
83
86
84
85
82
84
84
83
83
81
84
83
85
84
83
81
82
84
81
84
84
84
84
84
82
82
84
83
84
83
82
83
85
84
84
83
84
82
81
84
83
83
84
84
83
84
82
83
82
83
81
82
82
84
83
85
82
83
82
84
83
83
84
84
82
83
82
82
84
82
81
83
82
81
82
84
83
81
82
83
80
81
82
81
82
81
81
83
83
82
82
82
84
82
82
82
82
83
81
81
81
81
82
80
81
82
82
81
83
81
82
82
83
82
83
81
82
80
81
83
81
82
82
82
81
82
81
82
82
82
81
81
83
82
81
82
80
82
81
83
82
82
84
82
81
82
81
82
81
82
81
81
80
81
81
81
81
80
80
81
81
82
80
80
81
80
82
82
80
81
80
81
81
82
80
80
83
80
80
80
79
83
82
80
81
80
81
81
80
81
80
81
81
79
80
80
82
80
81
81
80
80
80
80
81
81
81
78
81
80
79
80
80
82
80
80
80
80
80
80
80
80
80
80
80
80
80
80
80
80
80
80
80
80
82
80
80
81
79
80
80
80
79
80
80
80
79
80
80
80
80
80
80
80
80
81
80
80
80
80
80
80
79
80
80
80
80
80
80
80
80
80
80
81
79
80
78
79
80
80
80
81
80
80
80
80
80
80
80
79
80
79
79
80
80
80
80
79
80
80
80
80
80
79
80
80
79
79
78
80
80
80
80
80
80
80
78
80
78
77
79
77
78
80
80
80
80
80
80
77
80
80
80
80
80
80
80
77
80
80
79
79
79
78
80
78
80
78
77
81
80
80
79
80
79
79
80
79
80
78
79
79
80
80
79
79
79
79
79
78
80
78
78
79
78
80
79
79
79
80
80
79
77
80
78
80
78
78
78
80
80
80
76
78
77
79
80
78
78
79
80
77
79
79
80
79
79
77
80
79
79
79
77
79
80
79
80
80
80
78
78
77
77
79
77
77
78
79
78
78
80
79
77
78
77
78
78
78
77
78
78
79
78
78
78
76
77
79
79
77
77
78
77
77
78
78
78
78
78
79
78
79
77
78
76
75
79
79
79
79
79
78
78
78
79
77
75
80
77
78
80
77
79
78
77
80
76
78
76
79
77
79
79
78
78
75
79
78
78
78
78
78
79
78
77
78
78
77
77
77
78
77
78
77
78
77
78
78
79
77
77
76
78
77
77
79
77
77
78
78
77
77
78
78
78
78
77
77
78
77
78
77
77
77
77
76
77
77
77
78
77
76
78
78
78
78
78
78
77
76
77
77
77
78
78
77
75
76
78
78
75
77
77
75
77
77
79
75
77
77
78
77
78
77
78
77
75
77
78
77
77
78
76
77
77
75
75
77
77
76
75
77
77
78
78
76
77
78
79
76
77
75
78
77
75
79
77
78
79
77
77
75
79
77
75
77
77
76
77
76
75
77
75
79
76
77
79
75
77
75
76
77
75
77
76
75
77
75
76
75
75
77
75
77
75
76
75
77
77
75
78
77
74
77
76
77
75
75
75
75
75
75
75
77
77
77
75
75
77
75
76
77
77
78
75
75
76
76
75
75
77
75
74
76
77
76
79
75
75
75
76
75
78
76
75
76
78
75
76
75
77
75
76
77
75
75
76
75
76
77
75
75
75
78
75
75
75
75
75
75
75
76
75
77
76
75
75
76
75
75
75
76
77
76
75
76
75
76
75
75
76
75
76
75
75
75
77
75
76
76
74
76
75
76
77
76
75
75
75
76
76
76
75
76
76
75
75
75
75
75
75
75
75
75
75
74
74
75
75
77
76
76
75
76
75
75
77
75
76
75
75
76
75
75
75
75
75
75
76
76
79
75
75
75
75
75
76
75
76
77
75
75
75
74
75
75
75
75
74
76
75
75
76
75
77
74
75
75
75
76
75
75
75
75
75
74
75
75
74
76
76
75
75
75
75
75
76
75
76
75
75
75
75
75
74
75
75
75
75
73
76
75
75
75
74
75
75
75
75
76
74
76
75
75
75
74
75
76
75
75
75
75
74
75
75
76
75
75
75
73
75
75
75
75
75
76
75
75
72
76
75
75
76
75
75
75
75
74
75
75
75
75
76
75
75
74
74
75
75
75
75
76
75
75
72
75
76
75
75
75
74
75
75
75
74
75
73
74
75
75
75
76
73
76
73
75
73
75
74
75
76
75
75
75
75
75
74
76
74
75
75
75
75
75
76
73
74
75
75
75
74
75
75
75
75
76
75
75
74
73
75
75
75
74
75
75
75
75
73
75
74
74
74
74
75
75
75
74
75
76
75
75
75
75
75
73
75
75
76
76
74
74
73
74
75
74
75
75
75
75
75
74
73
75
75
75
74
74
76
73
75
74
73
75
75
75
75
72
74
74
73
75
74
76
75
75
75
74
73
74
75
73
74
75
75
75
73
75
75
75
75
75
75
73
75
73
74
75
75
75
75
73
73
75
74
73
75
74
75
75
75
74
75
74
72
75
75
71
73
72
73
73
74
74
75
74
75
73
74
74
74
76
74
73
74
75
75
73
75
75
74
75
74
73
74
73
72
74
73
72
74
74
74
75
74
73
74
74
73
74
75
72
73
72
74
75
73
74
75
74
72
75
75
75
72
72
74
74
73
75
76
72
72
76
74
75
74
73
75
74
75
73
74
75
75
73
75
73
73
73
75
73
73
75
72
74
74
73
74
75
72
74
73
74
72
74
74
73
74
73
74
72
73
73
75
73
75
72
75
73
75
72
74
74
73
74
73
74
75
73
74
74
72
73
72
75
75
75
74
73
73
74
75
73
73
74
75
72
73
73
73
73
73
74
73
73
74
75
74
74
75
75
73
73
74
73
74
72
72
75
74
73
75
73
73
74
74
72
73
73
73
72
72
72
72
71
75
74
74
73
75
75
74
72
72
72
73
74
74
76
73
72
72
72
73
72
72
73
72
72
74
74
73
74
72
72
73
72
72
72
72
74
73
72
72
72
74
73
75
73
72
74
72
73
73
73
71
74
72
74
