Default maxiter = 1024; set to maxiter = 4096 
128
130
123
133
133
138
145
144
146
153
153
158
160
160
163
170
166
165
173
170
173
175
176
171
181
173
174
182
181
179
183
181
181
184
187
185
188
185
190
186
182
188
191
190
184
193
189
191
187
191
186
189
193
193
186
189
191
193
189
188
193
186
188
189
192
189
194
195
191
191
195
193
190
193
189
191
192
189
190
194
190
197
198
195
199
189
197
194
195
198
192
192
191
195
188
189
196
191
193
197
194
196
193
189
192
198
194
195
196
194
193
191
196
192
194
197
192
196
195
193
195
194
194
196
195
195
198
196
198
196
195
200
197
193
198
196
194
197
195
197
198
200
195
194
197
197
196
201
201
202
202
198
202
200
200
202
196
200
197
202
201
203
199
202
201
205
201
203
203
205
202
205
203
203
209
202
204
209
203
206
204
203
201
206
208
205
205
204
209
208
211
210
211
205
210
209
211
208
214
213
212
209
215
213
215
217
217
217
214
209
218
215
216
215
220
213
216
219
222
218
216
219
220
220
222
221
223
221
224
223
224
225
224
222
225
227
222
224
226
228
227
227
226
231
232
229
237
235
235
233
233
232
233
236
235
239
237
237
241
240
242
244
237
242
249
245
246
248
253
245
255
247
251
258
259
259
265
259
261
266
268
263
273
270
267
276
271
279
283
279
281
289
288
283
293
288
291
301
301
303
311
310
307
316
314
313
321
326
326
333
330
336
340
343
344
349
354
351
357
357
365
371
369
369
380
382
380
394
391
390
398
394
399
412
415
410
422
417
420
429
427
427
440
442
440
450
446
450
462
459
467
467
476
468
482
482
469
495
486
488
491
494
495
495
501
502
504
503
506
507
510
504
511
507
513
504
503
504
496
509
501
498
499
495
492
481
491
472
480
471
454
455
451
432
432
432
401
401
398
368
367
369
345
338
342
318
320
323
298
298
299
278
282
277
263
267
265
248
253
251
242
239
241
234
233
230
224
224
224
218
219
218
210
210
214
205
205
208
203
203
204
198
200
202
196
197
197
196
195
195
190
192
190
188
189
188
184
187
190
183
184
184
183
182
183
184
183
184
181
180
178
179
176
179
181
178
177
179
173
175
174
177
176
174
175
173
175
175
175
173
172
173
173
171
171
171
173
172
170
171
170
170
170
168
170
171
171
168
170
170
170
170
169
168
170
166
168
167
169
170
168
167
168
166
169
169
166
169
169
169
168
163
169
166
168
168
166
166
166
165
166
166
166
164
164
165
165
168
166
166
167
165
162
165
164
165
164
164
162
162
164
166
164
165
163
163
164
164
164
164
162
162
161
160
165
162
163
163
161
163
162
162
162
162
162
159
162
159
160
163
161
162
161
161
160
160
159
163
160
158
159
162
160
160
160
155
162
159
159
159
162
159
160
158
161
161
161
157
160
157
160
160
162
160
158
160
160
159
158
160
156
159
160
159
160
159
158
159
159
159
156
156
158
157
159
155
157
161
158
159
158
161
156
157
158
158
158
156
156
155
155
157
159
158
155
157
156
156
155
155
154
155
156
157
156
155
157
156
153
156
156
155
155
156
156
156
154
156
154
155
157
158
153
157
156
155
157
157
155
154
152
155
156
156
156
156
153
155
154
156
153
154
154
156
154
155
155
155
154
155
157
153
155
154
155
154
155
155
155
153
154
154
152
151
152
153
155
154
152
152
153
152
155
153
152
152
152
154
153
154
150
151
156
151
151
154
153
154
151
149
153
154
150
153
154
153
154
151
150
153
151
150
151
150
153
150
151
153
152
154
154
150
151
152
152
151
150
151
152
148
150
150
150
154
151
151
150
152
150
150
150
151
151
151
150
151
153
150
149
150
150
150
152
148
154
153
149
155
152
149
149
150
149
148
150
149
151
150
150
148
151
149
150
149
150
148
151
149
150
151
150
150
152
149
150
150
151
148
149
149
148
148
149
150
148
150
150
150
150
150
150
150
148
150
148
148
149
149
151
153
149
150
150
149
151
149
150
149
147
147
150
149
147
149
149
148
149
148
146
151
149
148
150
148
147
147
147
149
149
148
150
148
149
149
146
147
149
149
149
148
149
150
149
149
149
148
148
148
149
146
149
148
148
148
148
149
148
149
151
146
147
149
148
147
148
147
148
149
149
147
149
148
147
149
148
150
149
147
148
148
147
147
149
146
146
146
147
148
149
148
149
146
148
148
148
148
149
148
148
146
145
149
147
147
146
149
146
148
146
147
146
147
148
147
145
149
147
146
149
147
145
147
146
145
145
148
146
148
147
148
147
146
147
147
147
147
147
146
146
147
145
147
146
146
147
147
148
147
147
145
148
145
148
146
146
147
147
145
145
144
146
144
146
147
144
144
146
147
147
144
148
144
149
148
148
146
144
144
146
146
144
143
146
147
146
146
146
149
147
147
146
146
144
145
145
144
145
144
148
144
149
144
145
147
147
145
145
144
146
144
146
144
145
144
144
144
144
148
145
147
147
144
144
143
149
143
144
145
144
147
147
147
145
146
145
145
144
147
146
144
144
145
146
144
144
144
146
145
144
143
145
145
143
144
145
146
145
143
144
144
144
146
144
144
144
143
142
143
144
146
144
144
144
144
144
146
145
144
144
144
144
145
144
142
144
143
144
144
144
145
146
142
147
144
144
146
145
144
143
143
144
143
143
146
143
144
148
145
143
144
146
143
143
144
144
145
144
145
144
145
144
144
144
144
144
144
144
143
143
144
144
142
143
145
143
143
143
144
143
143
144
144
144
143
144
144
144
144
142
144
144
143
143
144
144
144
143
142
144
144
146
144
142
144
144
144
142
142
143
143
144
142
144
144
144
144
143
144
143
144
143
145
142
144
141
143
142
144
143
144
143
143
143
142
143
143
143
144
142
144
144
144
144
144
144
143
144
144
143
142
143
143
144
143
144
143
143
144
143
143
143
143
143
143
143
143
143
143
144
143
142
143
142
143
143
142
143
144
143
142
143
143
143
143
143
144
142
143
143
143
140
142
143
142
143
142
143
144
143
142
144
143
144
142
144
142
142
143
141
143
144
143
143
143
143
143
143
142
141
142
143
144
142
144
143
143
143
140
143
144
143
142
143
141
141
143
141
143
143
142
143
143
143
143
143
143
143
141
142
142
141
144
143
143
143
143
140
143
142
144
144
143
143
145
142
144
143
143
143
143
141
141
144
142
141
143
143
145
143
143
143
143
143
143
143
143
143
143
143
143
143
143
142
143
142
142
144
142
142
141
143
141
143
143
143
143
141
142
143
141
142
143
143
144
143
142
143
143
144
140
143
143
142
143
143
142
142
143
143
143
140
141
143
140
143
143
143
142
143
141
143
142
142
143
143
142
142
142
144
143
143
143
142
143
140
142
142
143
142
142
143
140
143
141
141
141
143
143
142
144
141
142
143
141
143
142
143
143
142
143
143
143
141
143
142
141
143
143
143
143
143
141
141
143
139
142
142
141
141
141
142
143
141
142
144
141
143
140
142
143
142
143
142
141
142
143
143
143
141
142
141
143
142
143
144
138
141
140
142
140
142
144
142
143
142
144
141
142
142
144
143
140
142
143
140
142
142
141
141
142
142
141
143
143
143
143
143
143
142
141
142
139
143
140
143
140
143
140
143
141
143
142
143
143
140
140
141
143
141
141
140
140
142
143
144
143
140
143
141
142
143
142
140
141
142
142
142
142
142
142
141
141
140
141
142
141
141
143
142
142
142
140
142
143
142
142
143
143
143
143
143
140
140
141
142
142
143
141
143
140
140
141
141
142
144
141
141
142
140
141
141
141
142
143
141
141
141
141
142
143
141
141
140
141
141
141
140
143
142
140
143
143
141
143
140
140
142
140
140
143
141
141
143
140
141
143
143
140
141
144
142
143
142
142
143
142
140
142
143
142
142
142
142
140
139
141
140
142
140
141
142
141
143
141
142
141
141
142
140
140
142
138
142
142
140
141
139
142
141
142
141
140
139
141
140
140
141
142
140
142
140
143
142
142
141
141
141
142
138
139
143
142
142
140
142
143
140
143
140
142
140
141
141
139
143
141
140
143
143
143
142
142
141
142
140
143
138
138
140
140
142
140
139
139
139
138
141
143
141
143
140
141
140
139
141
141
140
140
141
140
140
142
139
142
143
140
140
141
142
143
140
141
143
141
140
142
140
140
141
142
138
141
138
141
141
140
140
139
139
139
141
140
140
141
139
141
140
140
139
140
140
141
140
140
141
142
142
141
138
141
141
139
140
141
138
141
143
139
140
142
143
139
141
140
142
138
142
141
140
141
139
141
140
141
137
140
141
143
142
141
140
139
142
142
140
141
140
140
138
140
142
142
140
142
140
139
139
140
142
139
140
141
141
136
143
140
141
141
140
141
140
139
138
140
142
139
138
138
140
141
139
140
140
140
138
140
141
141
140
141
138
139
140
141
138
141
141
140
141
140
139
140
140
139
139
140
140
141
139
138
141
141
140
138
140
140
140
141
139
137
142
139
140
140
139
142
139
139
138
141
141
141
141
138
140
139
140
139
138
138
139
141
141
140
139
140
139
141
140
140
140
141
140
140
140
138
138
140
140
140
139
139
140
138
138
141
141
141
138
140
140
137
141
139
141
140
139
139
141
141
141
139
141
140
140
140
138
139
138
139
140
139
138
139
141
140
139
141
141
140
140
141
139
138
138
141
139
140
140
141
138
140
138
140
140
141
138
139
137
141
138
141
139
140
140
139
141
141
141
138
139
141
140
138
140
142
139
140
140
141
140
139
139
140
141
139
138
140
141
138
140
140
138
138
138
138
138
141
139
138
141
139
140
138
141
140
139
139
137
138
140
139
138
139
139
138
140
140
138
140
139
139
141
140
140
139
139
141
139
139
139
141
141
139
141
140
140
140
140
140
139
138
138
141
140
138
139
140
139
142
140
139
141
139
138
140
138
138
141
137
138
142
139
138
139
140
138
141
139
139
140
141
140
138
141
142
139
140
141
141
140
139
139
140
140
140
140
137
139
138
141
140
139
142
141
138
140
138
139
139
142
141
138
140
141
138
142
139
141
137
141
138
139
140
139
139
140
139
140
142
139
139
140
139
141
138
138
139
140
138
141
138
138
137
138
140
141
141
141
138
140
139
139
139
139
138
139
141
139
138
141
139
142
139
139
140
139
138
139
141
137
138
136
139
138
140
140
141
138
139
138
138
138
139
138
141
138
138
139
138
138
138
138
140
141
140
138
139
138
140
141
140
138
140
138
138
138
140
138
139
139
140
138
139
140
138
140
139
138
139
139
138
139
140
139
141
141
138
137
141
139
139
139
139
140
139
137
140
141
140
140
141
140
140
138
138
138
140
139
138
140
141
139
140
140
138
141
139
139
139
140
141
139
141
139
138
140
139
140
139
137
141
139
138
138
138
138
141
139
138
139
141
138
138
139
140
139
138
138
137
141
139
141
138
141
139
140
141
138
138
139
140
136
140
138
137
140
139
138
137
137
138
139
138
139
137
140
139
139
138
140
138
138
139
138
140
139
140
139
139
137
139
141
137
140
140
139
139
138
139
136
140
139
139
140
141
138
138
140
141
140
139
141
140
138
141
136
138
138
138
139
139
139
139
142
139
142
139
139
139
136
141
138
138
138
140
138
142
138
140
138
139
140
140
140
139
137
140
137
137
139
141
138
140
138
139
139
138
139
138
139
139
141
140
139
136
139
137
140
138
138
139
136
140
136
140
140
139
139
138
139
139
137
139
138
140
141
139
139
139
136
139
136
137
139
139
139
139
139
138
139
138
141
140
140
139
140
137
137
138
138
138
137
138
141
137
138
141
141
138
138
140
139
139
137
139
139
137
136
140
141
139
139
139
141
138
139
137
139
140
139
137
138
137
140
137
137
139
138
140
139
140
138
137
138
137
138
137
139
140
139
137
138
139
140
139
138
139
137
140
141
139
138
138
138
139
139
139
139
140
137
139
138
138
136
139
139
139
140
137
138
139
139
138
137
138
139
137
138
137
141
139
136
138
138
139
140
139
139
138
141
139
137
141
138
137
138
139
137
139
138
138
138
137
140
138
140
137
139
138
136
140
140
141
139
140
141
139
139
139
139
138
139
138
138
140
141
139
141
139
138
138
136
138
140
138
139
137
139
139
140
138
140
139
139
140
141
140
138
139
137
137
140
139
139
139
137
137
139
137
139
140
139
138
137
137
141
140
138
140
138
138
139
140
140
138
138
138
138
136
140
139
140
138
139
138
137
137
138
139
137
141
139
137
138
141
140
139
138
137
139
139
139
139
138
139
139
136
141
137
137
139
137
137
139
139
140
137
138
137
138
140
139
139
137
139
137
138
139
140
140
139
139
136
139
141
137
138
140
136
141
138
138
137
136
140
137
138
138
141
139
139
141
137
139
136
136
138
138
138
140
138
136
138
136
141
141
137
138
140
138
137
139
139
140
139
140
136
137
138
137
138
138
136
137
138
140
137
138
139
137
137
139
138
136
138
140
137
138
139
137
141
137
139
141
139
138
137
139
138
140
138
137
139
138
138
136
139
137
137
137
137
139
137
136
141
138
137
137
138
139
139
140
138
140
138
137
136
137
140
137
138
138
137
140
139
139
137
137
138
140
137
138
139
137
139
137
138
137
137
137
139
137
141
139
137
138
136
139
138
140
136
140
140
138
137
138
136
138
135
139
137
136
138
138
138
137
137
139
139
139
141
136
139
136
137
138
136
137
138
138
137
139
139
139
138
137
138
138
139
138
137
139
138
140
137
138
139
136
139
138
140
134
139
137
137
138
139
138
137
139
139
136
138
137
138
138
137
137
138
139
139
139
137
138
136
139
139
136
141
136
137
139
139
139
139
138
138
137
139
138
137
137
138
135
139
137
138
137
139
137
137
138
137
137
137
136
137
136
139
139
139
139
137
138
137
139
137
137
139
139
137
137
136
139
138
137
139
140
139
138
136
138
137
136
140
137
140
139
138
138
137
134
141
138
140
138
136
137
138
138
138
139
139
141
138
138
137
140
136
136
137
139
138
139
137
139
139
138
139
137
133
136
136
137
137
139
138
137
136
137
137
137
136
137
139
138
136
136
137
139
138
136
137
137
136
138
137
135
137
139
139
140
139
138
137
136
136
138
136
139
138
138
138
140
136
138
139
137
136
138
137
139
137
138
137
139
135
137
138
137
137
140
138
139
136
137
135
137
136
140
136
137
139
137
140
140
137
139
137
140
136
138
136
136
136
140
139
136
136
139
135
139
138
138
138
139
137
139
136
136
136
139
137
137
137
136
136
139
140
137
138
136
139
139
136
139
140
136
139
137
137
137
137
138
139
137
136
141
137
136
137
136
140
139
136
136
139
139
137
138
139
136
138
137
137
136
135
136
138
138
136
135
136
138
140
136
138
139
137
138
134
139
136
139
138
138
138
136
139
136
137
138
138
138
138
136
136
137
138
137
137
136
135
138
136
136
137
140
136
138
136
137
137
137
136
136
137
136
136
136
138
134
136
137
136
137
138
136
136
138
136
141
138
136
137
139
136
137
136
139
139
139
136
136
140
136
136
139
136
137
138
139
138
136
138
136
138
136
137
137
139
134
137
139
139
138
137
139
136
137
137
136
138
136
136
136
137
138
136
141
138
137
137
136
136
135
136
138
137
139
136
136
136
137
135
138
136
139
136
138
136
138
138
136
138
136
136
137
136
136
138
136
138
138
137
136
136
137
139
136
139
136
136
139
136
136
138
137
139
139
138
136
138
135
135
137
136
136
136
134
139
137
138
138
137
136
137
138
139
135
136
136
137
136
133
138
136
139
134
138
138
138
138
136
137
139
138
137
137
138
138
136
138
136
138
136
139
136
136
139
137
136
137
139
136
136
136
138
136
137
138
136
137
136
137
138
136
136
136
139
139
136
140
135
134
138
139
138
137
136
139
135
137
138
136
135
136
136
136
136
138
136
136
136
139
135
136
136
138
139
137
138
133
138
137
135
136
136
139
136
136
136
137
137
138
136
137
136
138
137
136
136
134
140
139
137
134
136
137
136
137
136
137
137
134
136
136
136
137
136
137
138
138
136
139
139
138
136
138
136
137
136
136
136
135
139
136
139
136
138
136
135
137
135
138
134
138
136
136
135
136
136
137
136
138
138
138
137
136
135
135
139
139
136
137
139
136
140
136
136
134
138
139
137
137
135
136
136
137
135
135
136
140
134
139
136
135
136
136
138
138
136
135
136
136
136
135
139
136
136
134
136
136
137
136
134
138
136
136
140
136
136
136
136
136
138
136
136
136
136
137
136
136
137
138
136
139
138
136
136
136
136
136
137
134
138
136
135
135
136
136
137
138
139
135
136
137
138
135
136
136
136
136
139
136
137
137
137
136
136
137
136
137
139
137
138
138
139
138
139
137
138
136
138
136
135
136
136
136
136
136
139
137
137
138
137
136
136
135
134
136
135
136
134
136
136
136
133
135
137
135
135
136
137
136
136
135
135
136
137
136
136
135
136
136
136
135
136
136
135
136
138
136
136
136
137
136
137
138
137
137
136
137
135
138
136
137
136
135
134
135
135
136
136
136
135
138
136
138
136
136
136
136
134
140
136
136
136
138
134
134
136
136
136
134
136
136
137
134
135
136
136
136
136
137
138
135
135
138
135
136
136
137
136
135
134
138
136
136
134
135
136
135
139
138
134
136
133
135
135
135
135
135
134
136
136
135
136
134
135
134
135
136
135
136
136
136
135
136
134
135
134
140
136
134
136
133
136
134
136
137
135
136
137
135
135
135
135
134
137
135
135
135
137
136
135
136
136
134
135
135
137
134
135
136
136
136
137
134
137
137
137
136
135
135
136
135
138
134
136
138
135
136
137
139
135
138
138
136
136
134
136
136
135
134
137
135
136
135
139
136
135
137
137
134
135
136
136
135
136
137
136
134
135
135
135
136
139
134
134
138
134
134
136
136
136
136
135
136
136
134
134
135
138
134
137
136
136
135
137
135
136
136
134
135
136
138
133
135
133
137
135
136
134
135
135
133
136
135
136
136
134
136
136
136
136
137
136
136
136
135
136
136
138
135
139
136
136
135
136
135
134
138
136
135
136
136
137
136
137
134
136
135
135
135
134
135
136
135
137
134
136
136
137
134
135
137
134
136
136
137
135
135
136
136
134
136
136
136
136
135
136
135
136
135
136
136
136
135
136
135
136
136
135
137
136
136
135
135
134
135
137
136
134
136
136
135
135
134
135
136
134
136
134
133
136
135
137
134
134
134
133
136
136
137
136
135
138
136
136
134
136
135
134
136
137
136
136
136
135
134
134
136
135
137
135
134
136
135
138
134
135
136
136
136
135
135
136
134
135
135
137
135
135
136
135
137
136
135
135
134
133
133
136
136
133
137
133
136
136
136
137
135
135
136
136
135
136
136
134
136
135
134
135
134
135
136
136
135
136
136
135
135
134
135
134
135
139
136
136
136
133
135
138
136
136
136
136
134
136
136
137
136
136
135
138
134
133
135
134
136
135
134
136
136
134
134
135
135
134
136
134
136
137
136
134
137
135
136
135
133
136
136
136
135
137
137
135
132
135
136
135
135
136
134
136
134
136
135
135
135
137
135
135
135
135
135
135
135
136
134
136
135
134
136
134
137
134
134
136
136
135
133
135
136
137
134
135
135
136
136
135
135
135
136
135
135
134
135
138
136
134
134
134
135
136
136
136
135
134
133
135
135
135
136
134
135
134
136
137
139
133
135
135
135
136
133
136
136
135
133
136
136
135
135
136
137
136
136
134
135
135
136
136
136
137
133
136
136
135
136
135
135
132
136
134
134
136
136
134
135
135
135
135
136
136
136
135
135
136
134
135
134
135
135
136
134
136
135
136
136
133
136
136
136
136
134
135
135
135
135
135
134
134
135
134
134
135
134
134
135
135
135
135
135
136
134
135
135
136
136
133
136
137
135
133
136
135
135
137
135
135
135
135
137
136
136
135
136
135
134
133
134
136
135
135
134
136
135
134
135
135
134
135
135
131
134
135
135
134
136
135
133
133
135
136
134
135
135
135
135
135
136
136
135
133
136
135
135
135
135
134
137
135
134
135
135
135
135
136
135
135
135
134
134
135
134
134
134
135
135
134
136
134
135
137
134
134
136
135
134
135
136
135
133
135
138
136
136
136
134
133
134
135
136
134
134
135
135
134
135
134
134
136
139
137
135
133
134
135
135
135
135
136
135
134
132
137
134
135
136
137
133
137
135
133
136
136
135
135
133
134
135
132
135
136
137
136
135
135
134
135
135
137
134
134
134
134
132
134
134
136
135
135
134
135
136
136
135
135
135
135
134
136
135
135
134
135
134
134
135
135
135
135
134
137
135
136
133
136
136
136
133
136
135
136
133
134
134
134
135
134
135
135
135
136
135
134
135
135
134
136
135
136
135
136
135
134
135
135
135
135
135
135
134
134
134
134
136
135
135
134
135
135
134
135
135
133
135
135
134
135
137
134
134
134
134
135
135
135
136
136
134
135
135
134
135
136
135
135
137
133
134
134
135
135
138
135
134
135
135
136
135
136
135
134
134
133
134
134
135
135
135
136
131
135
134
135
133
135
134
135
134
133
135
133
135
131
134
133
135
133
133
133
135
134
135
132
133
135
137
135
133
134
134
135
134
134
136
135
134
133
133
135
135
135
132
135
136
135
134
137
133
134
135
135
135
135
135
134
136
134
136
135
135
133
134
134
131
135
134
135
134
134
134
135
135
134
135
135
135
134
134
134
135
132
135
134
134
135
135
135
135
134
131
135
135
135
136
134
135
133
133
133
135
135
135
135
135
134
134
135
136
133
134
134
132
133
135
135
135
133
134
135
135
134
135
133
135
136
135
132
135
135
134
134
132
134
134
135
135
134
135
133
135
134
136
135
135
134
133
135
135
134
135
135
134
135
133
133
134
133
136
132
135
136
134
135
135
134
135
134
135
134
134
134
135
135
135
134
134
132
134
135
133
135
134
134
132
135
134
135
135
134
135
133
134
135
136
135
134
135
133
135
134
133
132
134
133
135
135
133
133
134
134
135
133
134
134
135
133
135
133
135
133
135
135
134
134
135
136
133
132
134
135
136
133
135
134
134
134
134
135
135
133
135
134
133
133
136
135
135
135
133
133
135
133
134
135
133
135
134
133
133
135
134
135
135
135
132
131
135
136
134
133
135
133
132
135
133
134
132
134
132
135
131
135
135
134
133
134
135
133
135
133
133
134
134
134
136
133
135
135
135
133
134
131
132
135
135
133
135
133
135
133
134
134
135
133
135
133
135
134
133
135
135
133
135
132
133
135
133
134
133
135
135
133
135
134
134
135
133
131
135
135
135
133
134
136
131
133
136
135
134
133
135
135
135
134
133
134
133
133
133
134
135
135
133
133
135
135
134
133
134
135
133
134
135
135
133
133
135
135
133
135
135
135
133
135
135
133
133
133
133
133
133
133
135
135
133
133
133
135
133
135
135
133
134
135
133
133
133
133
135
134
135
134
132
134
133
135
134
131
134
133
135
134
134
135
135
134
135
132
133
135
134
133
133
134
135
135
133
135
134
135
134
135
133
134
135
133
135
133
133
134
135
134
133
135
134
133
133
135
133
134
132
134
133
134
133
133
134
133
133
135
135
133
133
135
133
134
134
133
135
133
133
135
133
135
133
133
133
134
131
135
135
134
135
135
135
134
133
134
133
134
133
135
135
134
133
133
134
135
133
135
133
135
132
135
132
134
135
131
133
135
133
135
135
134
133
133
133
132
135
133
132
133
135
135
131
131
131
134
135
135
133
133
135
134
135
133
135
135
132
135
133
133
134
133
132
133
135
134
133
133
134
133
135
131
133
133
134
135
135
135
135
133
135
134
135
133
132
133
132
131
135
133
133
136
135
136
133
135
133
134
133
135
134
135
134
133
135
133
135
133
135
133
135
133
135
134
133
133
132
133
133
135
133
133
135
134
133
133
133
135
134
132
134
133
134
132
134
133
133
133
134
133
134
133
133
135
135
132
134
136
133
135
135
135
134
135
131
133
133
133
133
135
135
134
135
131
135
134
135
133
133
131
133
133
133
133
133
131
133
133
133
135
135
135
132
133
135
133
135
134
133
135
133
134
133
133
133
135
133
133
133
135
135
134
133
135
131
131
133
135
133
131
134
132
133
135
133
133
135
133
133
133
133
133
135
130
134
132
133
133
133
133
133
133
135
134
133
133
133
133
134
133
133
133
133
133
135
135
132
135
135
134
132
133
131
133
135
133
135
131
135
134
131
133
134
132
133
134
135
133
134
135
134
132
133
132
131
133
134
131
132
134
134
135
133
133
133
133
133
133
135
134
133
133
134
131
133
133
134
134
131
133
135
133
132
135
135
132
131
135
134
133
133
133
133
133
133
134
133
133
133
133
133
133
135
133
133
133
132
133
135
134
132
135
133
135
133
133
133
133
132
133
134
135
133
133
131
133
133
133
133
133
133
133
133
130
133
130
132
134
134
133
131
134
134
133
133
135
133
132
135
133
131
132
133
134
133
131
134
133
133
135
131
133
133
133
133
131
134
133
134
132
131
132
133
133
133
133
133
134
134
131
134
133
135
133
133
133
134
133
134
132
134
129
131
131
134
131
131
134
132
133
133
131
132
133
133
134
133
133
134
133
131
134
133
132
133
133
134
134
133
133
134
134
132
133
133
134
132
133
133
129
134
130
135
133
134
132
132
133
130
133
134
132
132
133
134
131
132
134
131
132
133
134
134
133
134
132
133
131
132
133
132
132
131
134
134
130
133
134
133
134
133
133
132
134
133
133
131
132
133
132
132
133
132
132
132
133
134
134
133
130
133
135
133
133
131
134
135
132
134
132
134
131
133
133
134
133
131
131
130
134
133
133
132
133
132
134
133
133
130
131
132
133
131
130
133
134
131
132
133
133
132
133
133
133
134
132
134
133
131
133
134
133
133
129
135
133
134
129
133
133
133
133
133
133
133
131
135
133
132
134
134
132
135
131
133
133
133
133
133
133
131
133
133
133
132
133
133
133
133
130
131
133
131
132
132
133
131
133
131
133
134
132
131
131
131
129
133
134
131
132
133
133
133
132
131
132
131
134
133
133
134
133
131
134
133
132
129
133
132
133
133
130
132
132
134
133
134
132
132
133
130
132
133
134
134
133
134
133
133
130
133
132
132
131
133
132
132
131
132
132
132
133
132
133
131
132
134
130
131
134
132
133
132
132
132
133
133
129
133
134
132
132
132
131
133
129
132
133
132
132
134
131
128
135
133
133
134
131
133
133
130
132
133
131
133
131
133
132
133
133
130
132
131
133
133
133
131
133
134
133
133
130
131
133
133
132
130
133
133
133
135
133
132
131
131
134
134
133
134
133
132
133
132
129
133
134
131
132
133
133
131
131
133
133
132
131
133
130
132
133
131
131
131
131
133
133
132
135
130
133
132
133
129
133
131
133
131
133
134
131
133
134
133
133
133
132
130
133
133
132
133
129
133
132
131
132
131
133
131
133
131
130
131
133
132
131
131
132
133
132
132
131
132
131
131
132
131
132
133
131
132
132
