Default maxiter = 1024; set to maxiter = 4096 
141
135
133
180
181
190
207
197
208
227
230
225
243
246
230
239
240
247
239
242
242
240
246
243
248
256
245
250
251
269
255
254
248
258
250
249
249
254
251
252
250
252
242
246
254
239
244
261
249
247
240
243
245
240
238
238
248
262
241
243
245
245
240
254
256
240
238
242
249
242
236
248
240
243
240
243
246
240
234
237
236
235
240
244
235
230
245
238
234
235
237
238
238
241
244
241
232
237
236
229
234
229
235
231
226
227
233
241
222
232
230
229
223
225
230
226
247
226
228
228
228
234
223
225
234
229
225
220
227
228
226
221
225
220
219
212
227
224
225
222
229
219
219
219
212
217
218
215
216
218
211
223
222
225
217
215
214
218
221
216
216
217
219
213
211
214
216
213
218
212
213
214
212
218
216
211
208
221
214
220
217
213
208
218
210
210
206
212
203
213
213
207
209
213
209
213
203
203
211
220
205
202
204
203
205
209
206
207
206
210
206
204
205
202
202
205
203
205
205
210
210
204
207
203
206
207
206
202
202
201
206
200
201
197
204
200
197
204
198
206
196
195
202
201
196
200
201
199
199
203
204
200
199
196
203
200
202
202
196
199
206
194
203
198
199
190
195
194
195
200
196
196
193
199
197
195
196
191
190
199
193
191
195
193
193
191
195
196
192
199
197
194
190
192
193
191
195
187
196
193
186
188
189
189
191
190
193
189
187
186
190
190
185
186
182
186
189
192
185
181
193
184
185
185
187
188
186
186
188
190
187
184
182
187
181
192
184
182
185
183
185
182
183
182
181
183
182
180
186
185
180
182
183
179
186
176
185
175
179
179
179
179
179
179
180
176
177
178
184
183
173
175
179
183
181
177
178
175
175
178
179
180
177
179
177
177
178
181
179
176
178
173
177
174
175
175
174
173
171
175
178
172
178
176
178
174
173
175
180
176
174
173
174
174
172
174
175
174
172
176
174
172
175
175
174
171
174
171
173
173
175
174
171
172
173
169
172
173
171
171
172
170
173
173
169
172
167
175
172
171
176
173
170
171
171
173
170
173
169
169
171
171
173
167
168
171
171
167
168
166
169
167
166
168
166
171
171
162
163
168
167
170
166
166
168
164
165
166
162
160
166
165
167
163
166
168
162
159
163
162
165
164
165
163
169
162
161
161
166
164
159
161
160
161
162
162
162
159
160
159
160
159
163
162
161
162
161
161
162
161
163
162
165
157
158
159
158
159
161
161
161
160
159
157
158
157
158
161
159
158
159
158
157
160
160
156
162
160
161
160
159
157
160
157
159
157
155
160
157
160
153
156
156
157
155
155
159
155
156
155
153
156
153
156
156
152
154
156
153
159
153
156
160
157
155
156
155
152
158
155
152
158
156
151
158
152
159
153
155
154
155
155
155
152
154
151
152
155
152
154
153
155
151
149
153
154
152
154
150
152
153
151
153
153
151
151
150
157
149
151
152
154
150
151
150
149
150
151
151
151
151
150
149
149
147
150
149
150
152
151
148
150
153
149
151
150
153
147
147
150
152
145
152
145
149
146
145
146
147
147
147
150
149
149
144
148
146
151
145
147
148
145
148
146
148
144
150
146
144
146
147
146
144
146
147
144
145
146
144
146
150
142
148
141
148
146
144
142
142
144
145
147
143
137
143
144
140
142
141
139
144
145
144
143
139
140
142
142
139
143
143
141
141
143
139
144
143
144
141
139
139
142
139
141
142
140
140
139
139
139
139
139
143
138
140
139
139
139
139
138
142
139
140
138
139
138
140
139
139
140
138
138
139
138
138
139
139
136
137
139
139
139
139
139
138
138
138
136
138
138
139
138
140
142
137
139
138
137
137
138
139
139
137
138
137
137
139
138
139
133
138
138
139
139
139
137
135
138
136
138
135
137
135
137
137
132
134
137
136
134
134
136
133
134
133
134
134
134
135
134
132
134
131
131
132
133
133
132
130
134
132
133
132
132
133
132
131
131
133
130
132
133
131
131
134
131
132
131
133
132
130
132
130
129
133
130
130
132
133
131
133
130
130
132
130
132
130
130
131
130
130
132
131
131
130
129
130
126
130
132
132
127
127
132
131
132
129
128
132
129
130
128
130
130
130
130
131
130
128
130
131
127
131
128
129
128
129
130
131
128
128
129
130
129
129
128
125
127
129
128
127
128
127
129
129
128
128
133
129
127
128
128
130
131
130
127
128
128
128
128
126
131
129
128
130
129
127
126
127
128
127
128
128
130
127
125
128
125
128
130
130
125
127
129
129
130
127
127
128
127
126
126
128
130
128
125
129
125
127
124
128
128
126
128
130
127
128
127
127
128
128
128
130
131
129
125
126
124
124
130
130
128
127
129
129
128
130
126
125
128
127
130
129
127
128
128
129
127
127
128
125
127
128
127
126
125
124
125
128
130
128
127
125
124
127
128
125
127
125
129
128
125
127
127
128
130
126
122
127
129
126
122
125
128
124
124
124
130
127
126
128
128
129
123
128
123
131
130
127
129
126
128
128
128
127
129
125
128
130
123
131
125
129
128
128
126
125
126
129
130
125
125
126
126
125
125
125
125
128
128
126
126
124
125
128
125
127
126
127
129
127
127
125
128
130
126
128
125
127
126
128
126
127
127
125
127
131
127
128
127
125
128
125
127
128
125
127
123
126
126
127
128
126
126
127
126
127
129
125
127
127
129
127
129
128
127
127
125
131
129
128
129
127
130
126
126
126
127
127
126
129
129
128
129
127
127
128
129
129
129
130
128
127
128
131
128
129
129
131
129
128
133
131
128
130
130
132
130
130
129
131
132
132
130
131
131
132
131
133
129
133
131
134
132
130
131
133
132
134
132
133
133
134
134
133
133
133
134
133
133
133
133
133
135
134
139
133
135
134
135
135
136
138
137
134
137
138
136
138
136
137
138
137
139
137
138
137
141
138
139
138
137
140
141
140
138
141
142
142
138
143
140
144
143
144
144
143
143
144
141
144
143
146
144
145
145
145
147
146
143
145
144
144
146
146
145
147
148
145
148
145
149
147
147
150
149
148
148
149
150
150
149
152
153
150
150
150
153
151
152
154
155
154
153
152
153
153
158
156
158
158
155
155
157
158
161
157
158
160
159
159
162
163
162
161
162
162
162
161
162
166
166
164
167
163
165
169
166
166
167
168
168
167
168
167
169
169
169
173
172
173
172
173
173
173
176
174
174
174
177
176
175
176
174
180
177
182
176
181
181
181
180
182
183
182
188
187
185
186
188
188
188
188
186
192
187
189
188
187
190
191
192
190
196
192
189
195
196
195
197
195
198
198
193
194
197
196
198
200
201
202
200
197
205
206
206
205
206
207
205
208
207
208
210
212
210
210
210
208
211
213
215
213
213
212
215
217
214
216
216
216
218
219
216
221
225
220
225
226
224
228
226
224
224
226
226
227
230
226
233
232
226
239
231
227
241
235
234
240
236
240
237
238
235
246
236
240
242
244
239
241
244
245
246
244
250
249
245
251
248
249
251
251
252
253
248
253
248
252
256
253
258
253
256
258
257
254
260
259
260
261
261
264
262
263
260
263
263
264
263
269
264
270
269
266
272
274
272
273
270
272
276
275
275
272
279
274
282
276
275
285
284
280
280
277
284
283
283
284
289
288
285
284
286
289
282
290
291
288
293
288
295
292
290
293
293
294
298
296
298
302
302
295
298
297
295
297
303
303
304
307
303
309
307
306
309
302
306
315
308
310
308
313
309
309
312
312
309
319
311
313
313
320
313
315
319
316
320
322
320
319
319
321
325
323
327
321
331
324
326
323
329
326
329
330
325
330
329
331
333
334
336
337
338
340
333
337
340
338
338
341
340
345
347
339
342
339
339
344
342
347
342
345
348
354
346
347
352
353
350
356
349
347
350
353
353
352
353
354
353
350
354
363
363
358
363
354
367
366
367
361
358
357
363
366
369
359
373
371
371
376
369
369
369
373
359
369
369
375
377
373
374
379
386
377
377
379
389
381
385
380
388
387
385
390
388
390
396
392
385
398
395
389
391
401
393
402
397
394
398
406
400
410
404
407
403
407
404
409
401
413
417
414
404
415
417
423
418
425
420
419
422
423
427
420
426
424
430
428
434
434
427
435
433
435
440
439
440
438
438
441
437
445
435
443
448
447
445
446
446
450
446
449
445
447
442
453
453
444
446
443
447
449
442
445
439
443
438
432
426
432
425
428
435
425
417
423
412
406
413
401
405
403
397
397
395
383
391
384
379
377
380
365
364
368
352
352
357
345
342
342
331
329
331
313
316
322
305
303
304
292
294
292
281
285
282
271
274
274
264
263
262
258
255
257
251
250
250
238
239
241
233
237
234
227
227
230
225
222
219
218
214
222
212
211
212
208
210
208
207
205
205
200
199
197
199
200
198
192
194
192
194
189
192
186
187
186
184
184
183
183
183
181
179
180
184
177
177
176
176
175
174
175
173
173
170
173
171
168
173
170
168
170
171
169
167
168
166
164
165
164
165
164
163
161
162
164
164
159
161
160
164
159
160
158
159
162
159
156
157
158
156
155
156
155
155
156
157
153
155
150
155
154
151
155
152
153
151
152
151
151
151
150
151
152
149
149
151
150
151
148
147
148
147
146
146
147
148
146
146
147
146
148
144
144
143
146
145
142
143
146
144
145
146
144
145
142
141
143
141
144
142
140
144
141
141
140
140
140
140
142
138
140
140
141
141
138
140
138
139
138
140
137
140
140
138
139
138
138
137
138
136
138
136
137
134
136
137
135
136
137
136
137
136
134
135
135
135
135
135
137
134
133
134
135
135
135
137
134
134
131
133
135
132
133
134
134
134
134
133
133
132
133
134
133
133
134
134
131
130
134
132
133
132
133
132
133
133
133
131
132
131
132
134
128
130
129
128
130
130
129
131
130
128
128
128
128
128
132
129
130
129
131
129
128
129
128
128
129
130
128
129
127
126
127
128
129
127
129
127
129
127
128
127
128
127
128
127
127
126
127
127
125
127
128
124
126
127
126
126
124
127
126
125
127
125
125
125
123
124
127
123
127
125
124
126
125
126
125
125
123
125
125
123
125
125
123
121
124
125
125
125
124
121
122
122
122
124
121
122
125
123
121
123
123
123
123
123
123
121
121
121
123
121
120
122
120
121
123
120
120
121
122
121
123
122
119
119
123
121
119
121
121
120
120
120
121
119
121
122
120
119
120
120
120
121
121
120
119
121
121
120
119
119
119
119
119
119
119
117
120
120
119
119
119
119
119
119
120
119
118
119
119
120
119
117
119
118
117
117
118
117
118
119
119
117
117
118
117
117
116
117
117
118
117
119
117
117
119
117
116
118
116
117
117
117
117
116
118
117
115
116
116
116
119
117
118
118
117
118
117
116
116
117
116
115
117
116
116
116
116
117
117
116
116
116
116
117
114
116
116
115
116
116
115
116
116
116
114
116
116
116
116
115
116
116
116
114
115
115
115
114
116
115
113
113
115
114
116
115
116
116
114
116
114
116
114
116
116
115
113
114
115
114
114
116
116
114
112
115
114
115
115
114
115
113
111
112
113
113
113
112
115
112
114
113
114
115
111
111
113
115
113
112
114
113
115
111
113
112
112
113
113
114
111
113
111
114
113
112
111
111
110
112
112
111
113
113
112
113
112
113
113
113
114
112
113
112
110
113
112
113
111
112
110
111
110
112
111
109
112
112
111
112
112
114
113
110
112
113
111
111
110
109
109
109
113
112
112
110
110
109
113
109
112
109
112
110
109
110
109
110
109
113
111
110
110
111
110
111
109
110
109
111
110
110
110
109
108
113
111
108
109
109
110
108
108
111
111
108
109
107
112
111
108
110
107
108
109
108
107
109
107
109
109
110
109
110
110
109
108
110
108
110
108
107
109
107
107
106
109
107
108
110
108
108
107
108
107
107
108
108
107
108
108
108
108
107
108
108
109
109
106
108
108
109
106
108
107
107
107
107
109
107
107
106
108
108
108
107
106
108
106
106
107
107
107
107
106
106
108
106
107
106
108
108
106
107
107
106
106
106
106
106
105
108
106
106
105
107
106
106
106
106
106
106
106
106
106
106
105
106
106
105
106
106
106
106
106
106
106
107
106
106
106
107
106
106
105
106
106
106
104
106
104
105
104
106
107
106
106
106
106
105
104
106
104
106
105
105
105
106
105
105
106
107
105
105
105
106
105
104
104
104
105
105
104
104
104
105
105
104
103
106
106
105
106
105
104
106
104
105
105
104
106
106
104
104
104
103
106
104
103
104
104
105
104
104
103
104
103
105
104
104
105
103
105
104
104
103
104
103
104
103
103
103
102
104
104
104
103
104
104
104
104
102
105
103
103
103
103
104
104
104
104
104
103
104
105
103
104
103
103
104
103
103
104
103
103
104
103
103
103
103
103
104
104
103
103
105
101
103
103
103
102
103
101
103
103
103
102
103
102
102
103
103
102
102
102
103
103
103
102
103
103
102
102
101
102
104
100
103
103
103
102
102
104
102
103
103
101
100
103
101
102
103
102
101
103
103
103
102
102
101
103
102
101
101
103
101
101
101
102
102
100
103
101
100
101
103
102
101
101
103
101
102
102
102
101
101
101
101
101
101
102
101
101
103
103
101
101
101
101
102
101
101
101
101
101
101
101
103
101
101
100
103
101
103
101
102
100
102
102
101
100
101
102
100
100
101
101
101
100
100
101
101
101
101
101
100
101
100
101
101
101
101
100
100
100
101
101
101
101
101
100
101
100
101
99
101
99
98
101
101
100
102
101
101
101
101
99
100
101
99
101
101
101
99
101
102
100
102
100
101
100
100
100
100
100
99
99
99
101
101
99
100
99
101
99
101
102
99
100
99
100
98
101
99
102
99
98
99
100
100
100
99
100
99
97
99
100
100
100
101
98
98
99
100
99
99
100
99
100
98
98
100
100
102
100
99
97
99
100
99
100
99
99
99
100
99
99
99
100
99
102
100
100
98
100
100
99
101
100
100
101
98
99
100
99
97
99
97
100
101
99
101
100
97
98
100
98
98
98
100
99
99
100
96
98
99
97
100
99
98
98
99
100
99
100
97
99
97
97
97
99
98
96
100
97
97
100
97
97
97
99
99
101
98
97
96
97
97
97
99
97
98
98
97
97
96
96
98
96
97
99
97
97
97
97
98
96
98
96
97
97
99
98
98
100
98
99
99
96
97
97
95
97
97
97
97
95
97
98
100
97
98
98
99
97
97
98
98
96
99
98
97
96
97
95
97
100
97
97
97
95
96
97
100
97
97
96
96
99
95
97
96
96
95
95
95
99
97
97
95
95
98
97
95
97
95
96
96
99
95
97
95
95
95
95
96
95
97
97
95
96
95
96
97
95
96
95
97
96
95
95
97
96
97
95
97
97
96
97
95
96
97
96
96
96
95
95
98
95
95
97
97
95
95
95
95
96
95
96
95
96
96
95
96
96
96
95
94
95
95
95
95
95
96
95
97
96
95
94
94
95
95
95
97
95
94
95
95
95
94
95
95
94
95
94
95
95
95
94
95
97
95
96
96
95
96
95
95
96
96
94
94
96
94
95
94
94
98
95
94
94
96
96
95
96
94
95
97
94
94
96
94
94
94
95
94
97
95
94
94
94
94
95
94
94
94
96
94
95
94
96
94
94
94
94
94
96
94
96
95
95
93
96
96
94
94
97
94
94
94
95
94
96
94
94
95
94
96
95
94
94
94
95
95
96
94
94
94
93
96
94
94
96
94
94
95
96
94
94
94
94
94
94
94
94
94
94
93
94
94
94
94
94
94
94
94
94
94
94
95
94
94
94
94
95
94
94
94
94
94
94
94
94
94
94
94
94
94
94
93
94
94
93
93
94
94
93
93
94
93
94
94
93
93
94
94
94
94
94
94
93
94
94
93
95
93
93
94
93
93
94
93
94
94
94
94
95
94
94
94
93
94
93
94
93
93
94
94
94
93
94
94
94
94
93
94
92
94
93
93
94
94
94
93
93
94
93
94
93
93
94
93
93
93
93
93
93
93
93
93
94
93
94
94
94
93
93
93
93
94
93
94
94
93
94
93
93
94
93
93
93
93
93
93
93
93
93
93
93
94
93
93
93
94
93
93
93
92
93
92
92
93
93
94
94
93
93
93
93
92
93
93
93
93
94
93
94
93
93
93
93
93
93
93
93
93
93
92
93
93
93
93
93
93
93
92
93
93
92
93
93
93
92
92
93
94
94
93
93
93
93
93
93
93
93
93
93
92
93
92
92
93
93
93
92
92
93
93
93
93
94
93
92
93
93
92
93
93
93
93
93
93
92
92
93
92
91
93
93
92
93
92
93
92
93
92
92
93
93
92
91
93
93
92
93
93
92
93
93
91
93
93
92
93
93
93
91
91
91
92
93
93
91
93
92
93
93
93
93
93
93
91
91
93
92
93
91
92
93
91
91
93
92
93
91
93
92
93
91
91
93
91
91
92
92
92
91
93
91
91
93
91
92
93
92
91
92
93
93
93
92
92
93
91
92
93
91
92
92
92
91
91
91
92
91
92
92
92
92
93
92
93
93
93
93
92
93
93
93
92
92
92
91
92
92
92
92
91
93
92
91
91
91
92
92
92
92
92
91
92
92
92
92
91
92
91
92
91
92
91
92
91
92
92
92
92
92
92
92
93
91
91
93
91
92
92
93
92
91
92
91
91
91
92
91
92
92
92
93
93
92
90
91
92
90
92
92
91
92
92
92
92
92
91
92
91
91
91
91
91
91
93
92
92
92
92
91
92
92
93
91
91
91
92
92
92
92
91
91
91
91
92
92
92
91
91
91
91
90
90
91
91
91
91
91
92
91
92
90
92
92
91
92
92
91
90
90
92
92
92
92
92
92
91
92
90
90
92
90
91
92
92
92
92
91
91
91
91
91
91
92
90
91
92
91
91
92
90
92
92
91
90
91
91
90
90
90
91
92
91
91
92
91
90
91
91
92
91
91
91
91
92
90
91
91
90
89
92
91
90
90
90
90
90
90
91
90
91
92
91
91
91
91
91
90
92
91
90
90
90
91
90
90
89
89
90
92
89
92
90
92
91
92
90
90
90
91
91
90
92
90
90
92
89
92
90
91
89
90
90
90
90
90
91
90
90
90
91
92
90
90
91
91
91
91
89
90
90
90
90
89
90
91
90
90
89
91
89
91
90
92
90
89
90
91
90
92
90
90
89
90
91
91
90
90
90
90
88
90
91
90
91
90
88
91
89
90
90
91
90
90
91
90
90
91
89
91
89
90
90
90
90
88
89
90
90
90
91
90
91
90
90
89
90
90
90
90
89
90
89
90
88
91
90
90
88
91
89
90
90
90
90
90
91
90
90
89
90
90
90
89
90
89
90
90
90
89
89
90
90
90
89
90
91
90
90
90
90
90
90
89
90
90
90
90
89
88
90
88
88
90
89
89
89
90
88
91
90
89
90
90
90
90
90
89
90
89
88
90
88
90
90
90
90
88
88
89
89
90
90
90
88
90
90
90
90
90
90
88
89
87
90
90
88
88
90
89
90
90
89
89
88
90
87
90
90
89
90
89
90
90
89
90
90
90
90
90
88
89
88
90
87
90
90
89
89
89
87
89
88
91
88
88
88
88
87
91
88
88
90
90
89
88
90
89
90
88
90
88
90
88
88
90
90
90
90
88
89
88
89
90
90
89
88
88
88
89
90
89
87
90
89
90
90
88
88
87
87
89
87
89
90
90
89
90
88
88
88
90
88
87
88
88
88
89
90
90
88
88
89
87
89
87
88
89
88
88
88
90
87
89
88
88
88
87
89
88
88
89
89
88
89
89
87
90
89
88
89
88
88
88
87
88
87
90
87
90
90
88
88
89
87
88
89
88
87
88
88
88
90
88
89
90
88
88
89
88
90
87
90
87
87
89
88
87
87
88
88
90
87
90
88
89
89
90
87
88
88
88
89
88
88
89
87
89
88
87
89
87
88
87
89
86
88
88
89
89
88
86
89
88
88
87
89
88
88
88
88
88
87
88
88
88
88
88
88
88
89
88
87
88
89
88
88
89
87
88
88
87
89
86
89
90
88
88
86
89
89
86
89
86
89
88
90
89
89
89
88
88
87
88
88
87
89
87
89
89
87
88
88
88
86
86
86
89
86
87
89
88
86
87
88
88
88
89
88
88
88
88
90
89
87
87
89
88
88
87
87
89
87
87
88
86
89
86
86
89
87
86
88
87
88
90
86
86
86
88
89
88
87
88
88
89
88
88
88
86
87
88
86
88
86
88
86
88
87
87
87
86
87
86
88
86
88
89
88
89
87
87
89
86
89
88
88
88
86
86
87
86
89
88
89
88
87
86
89
88
86
88
86
88
86
86
86
87
88
86
88
87
87
87
86
87
88
89
87
86
85
86
86
87
87
86
88
87
86
86
86
87
86
87
86
86
90
87
86
87
88
86
87
88
87
86
86
88
87
88
88
86
87
87
87
88
86
87
87
85
87
88
87
87
88
86
86
86
86
87
86
86
87
89
87
87
87
88
87
86
89
86
85
87
87
88
86
86
87
85
86
86
89
88
86
87
87
86
88
88
86
88
87
86
86
89
86
86
87
86
86
88
87
86
88
89
86
86
86
86
86
88
87
86
86
86
88
86
86
86
86
86
88
86
86
87
86
85
89
87
86
88
84
87
87
89
86
87
86
87
85
86
88
86
86
85
85
86
86
87
86
87
86
86
85
87
86
87
86
86
86
86
86
87
87
86
86
87
87
86
86
86
86
86
86
87
86
85
88
86
86
86
86
87
86
87
88
86
86
86
86
86
86
85
87
85
87
86
86
86
84
86
85
86
86
85
88
86
86
86
85
86
86
86
86
87
86
86
85
85
85
85
87
86
86
86
86
86
86
86
86
86
86
86
86
88
84
87
86
85
87
85
86
85
86
86
87
86
87
86
86
84
86
85
86
86
86
85
86
85
85
85
86
85
85
86
86
86
86
86
85
87
85
85
85
85
87
87
86
85
86
86
85
85
85
87
86
87
86
86
88
84
87
85
87
86
86
85
87
85
87
84
85
86
85
84
86
85
86
85
85
86
85
85
86
85
88
85
86
85
86
86
86
86
86
86
86
85
86
84
85
86
86
86
84
85
86
86
85
86
87
84
87
86
85
85
84
86
85
84
84
86
86
86
86
84
84
86
85
87
84
86
85
86
85
86
86
84
85
85
85
86
85
85
86
87
86
86
86
86
84
86
85
87
84
84
86
84
85
84
86
85
86
83
85
84
86
85
86
85
86
87
84
85
86
84
84
84
84
86
85
84
84
84
85
84
86
84
84
86
86
84
85
84
85
85
85
85
85
85
86
85
86
84
84
85
84
84
84
85
86
87
84
84
84
85
85
85
85
85
85
84
84
85
86
85
84
84
84
85
87
84
84
84
84
86
85
86
86
85
84
84
84
85
87
85
85
84
84
84
84
86
85
85
86
84
84
85
86
84
85
87
85
85
85
86
84
86
85
84
84
84
85
85
85
84
84
84
85
84
87
85
85
84
85
85
84
86
84
84
84
84
86
86
85
84
84
84
85
84
84
84
84
85
85
85
85
84
85
84
85
85
84
85
85
85
84
85
84
84
83
84
85
84
85
85
84
84
85
85
84
85
85
85
84
85
83
84
84
84
85
85
85
85
83
84
85
85
84
84
85
84
83
84
83
84
84
84
84
85
84
85
84
83
84
85
84
84
85
85
85
85
85
85
85
85
84
85
83
84
84
85
84
85
85
85
84
85
84
85
83
84
85
83
83
84
84
84
84
85
84
84
85
84
83
84
86
84
85
84
83
84
85
83
85
84
85
85
84
83
84
85
85
85
83
85
83
84
84
84
83
85
84
85
84
84
84
85
85
84
83
83
84
83
83
85
83
85
83
84
85
85
84
85
85
83
83
83
83
85
84
83
85
83
84
84
83
83
84
84
83
84
84
84
85
85
83
85
84
83
82
84
84
83
85
83
84
85
84
85
85
85
83
83
85
83
85
84
83
85
84
83
85
85
84
83
83
84
85
84
84
83
85
83
85
83
84
84
83
85
83
84
84
83
83
84
84
85
83
83
83
83
84
83
83
83
83
83
83
84
84
84
84
84
82
85
84
85
85
84
83
85
84
83
83
85
83
84
83
83
83
83
82
83
83
85
85
83
83
83
84
83
83
83
85
84
83
83
83
83
83
83
84
85
84
83
84
83
84
83
83
85
83
84
83
83
84
83
83
84
83
84
82
83
83
83
83
84
83
84
83
83
83
84
82
83
83
83
83
84
83
83
83
85
83
85
83
84
82
83
83
84
83
84
83
83
83
84
85
83
83
84
83
83
84
83
82
83
83
84
83
83
83
83
83
83
84
83
84
83
84
83
83
83
83
83
83
82
83
83
83
83
83
83
83
83
85
83
83
82
83
83
83
82
83
83
83
84
83
83
83
83
83
85
83
83
83
83
84
83
83
84
83
83
83
83
84
84
83
83
83
83
83
84
83
82
85
83
83
83
83
83
84
84
83
83
83
83
83
83
84
82
83
83
83
83
83
83
83
83
83
83
84
83
84
83
83
83
83
83
83
83
83
83
83
83
83
84
85
83
83
84
83
83
83
83
85
83
83
82
83
83
84
83
83
82
83
84
83
83
83
83
82
83
83
83
83
82
83
83
82
83
83
83
83
83
82
83
84
83
84
83
85
82
83
83
83
83
83
83
83
83
83
82
84
83
83
83
83
82
83
81
83
82
83
83
82
83
83
83
82
83
84
83
83
83
83
83
83
83
83
83
83
84
83
83
83
83
83
84
83
83
81
83
82
82
82
82
83
83
83
83
83
82
83
83
83
82
83
82
82
83
83
83
83
83
83
83
82
83
83
83
84
83
83
83
83
82
83
82
81
83
83
83
83
83
80
83
81
83
83
82
83
83
83
82
83
82
83
83
82
83
83
83
82
83
83
82
82
83
83
81
82
83
83
82
83
83
83
83
83
83
83
83
82
83
83
83
80
83
81
83
83
83
83
83
83
81
83
82
83
83
83
83
83
82
83
83
83
81
83
82
83
83
83
83
83
83
82
83
83
83
82
83
83
82
83
82
83
83
83
83
83
82
83
83
83
82
82
81
83
82
82
81
82
83
83
83
82
83
83
82
83
82
83
81
81
83
83
81
83
80
83
83
83
82
82
82
82
82
83
82
83
81
82
82
83
83
83
83
82
83
82
83
83
83
82
82
83
83
83
83
83
82
82
82
82
82
83
81
82
82
82
82
83
81
81
82
82
83
82
82
80
82
83
82
81
81
82
82
82
83
83
83
82
81
82
81
82
83
83
83
82
81
81
82
82
82
83
82
83
83
82
82
82
82
81
82
81
82
81
81
81
81
83
83
82
82
81
82
83
82
82
83
83
81
81
83
81
83
81
81
81
82
81
81
81
82
80
83
82
81
81
83
83
82
81
82
82
82
83
82
83
82
82
82
83
81
82
81
81
82
82
83
83
82
83
81
82
83
82
81
83
81
82
83
83
83
81
83
83
82
82
82
82
83
82
82
83
81
80
82
82
82
81
82
83
82
82
