Default maxiter = 1024; set to maxiter = 4096 
14
15
15
55
56
57
80
76
77
94
95
98
112
109
108
117
121
117
125
127
128
130
136
133
138
140
141
142
144
146
143
147
152
145
144
145
146
146
149
144
144
143
149
149
146
148
145
152
148
149
147
146
149
148
147
147
149
148
148
152
154
146
150
148
146
153
143
145
149
149
148
149
147
146
147
144
145
148
149
143
143
143
142
143
144
143
144
140
144
139
140
144
138
142
141
138
139
139
139
139
140
139
141
139
140
139
138
139
135
137
140
139
139
137
134
134
136
139
135
140
136
137
136
138
135
135
136
134
134
136
133
138
130
134
134
136
133
132
130
133
134
129
133
133
129
133
134
133
132
132
134
130
130
128
128
129
129
128
130
136
129
130
129
128
131
126
125
126
126
127
128
127
129
130
125
127
126
127
126
132
122
125
127
124
126
126
123
125
123
123
127
122
125
122
123
123
123
122
122
122
118
123
124
121
126
126
123
119
121
121
122
121
120
117
120
121
119
119
116
119
117
119
118
115
118
116
119
117
119
117
118
116
117
116
115
115
115
119
114
116
117
115
116
115
113
116
117
115
113
115
114
115
115
116
116
115
116
113
114
114
115
114
112
111
111
112
114
113
110
110
111
116
108
115
109
112
115
110
114
109
114
109
113
110
113
108
108
109
110
112
112
110
113
106
109
109
111
111
106
112
108
108
110
111
112
110
109
113
107
109
114
113
106
114
110
107
108
108
107
105
109
113
107
108
106
108
105
108
108
106
111
106
108
109
107
107
107
104
108
105
107
104
104
107
104
105
108
106
104
104
102
105
102
104
107
101
102
103
107
106
104
102
102
101
102
100
103
105
102
101
100
101
101
104
102
103
103
97
102
103
102
101
101
101
100
102
100
100
101
101
100
103
100
98
96
101
100
100
98
97
98
97
100
97
96
101
97
97
98
97
98
100
98
100
97
96
98
98
95
95
97
97
97
96
97
99
96
97
95
97
97
97
94
94
98
95
95
96
95
97
95
92
94
97
95
94
95
96
95
92
91
96
95
95
93
92
96
92
94
91
94
95
95
91
94
93
91
92
93
91
92
90
93
90
89
91
90
89
90
95
89
93
90
91
89
89
88
92
89
90
91
90
93
92
88
91
89
89
89
91
87
86
90
90
88
88
91
89
90
89
87
87
86
87
87
89
89
87
89
87
86
86
87
89
87
87
90
85
87
86
87
87
85
90
86
84
87
89
84
84
86
83
85
86
84
85
85
90
87
89
86
85
84
84
85
82
86
86
83
84
83
84
84
82
84
81
83
87
84
85
83
83
84
82
84
85
84
86
82
83
85
82
84
83
81
81
82
80
81
82
82
81
81
82
82
81
82
82
82
82
82
82
81
82
82
81
81
82
82
81
79
82
82
82
81
82
81
83
82
79
82
79
81
81
80
81
81
81
81
80
78
78
81
81
81
81
81
78
82
81
80
82
79
79
80
79
81
78
78
79
80
79
78
80
78
78
79
79
81
79
79
79
78
79
78
81
78
77
78
78
80
77
80
77
76
78
80
77
80
77
77
79
79
76
78
78
77
77
79
77
76
77
78
77
78
77
77
77
77
75
76
78
77
76
77
76
77
78
78
77
77
77
78
77
77
77
77
77
76
77
77
77
77
77
75
78
76
77
77
77
77
76
77
77
77
77
77
77
75
77
77
77
77
77
78
77
77
77
76
78
77
76
76
76
77
77
77
77
76
77
77
78
77
74
77
75
78
76
76
77
77
78
77
74
77
75
76
76
77
77
77
77
76
77
77
76
75
75
77
77
76
74
74
77
77
76
76
75
77
73
76
76
75
77
74
73
75
74
77
75
77
76
74
77
76
76
73
74
73
73
74
75
76
76
76
76
76
75
77
75
76
75
75
75
76
75
74
75
73
74
73
77
74
76
74
76
75
76
73
75
75
73
75
74
74
74
74
74
74
73
74
73
74
74
74
77
74
75
75
76
75
75
76
76
74
74
73
75
74
74
74
75
73
74
71
76
73
74
74
73
75
75
76
76
76
75
73
74
74
73
75
74
75
73
75
76
75
74
73
76
73
75
77
73
74
75
76
73
75
73
74
74
75
75
74
73
73
74
73
73
74
74
74
72
73
75
73
75
74
73
76
74
74
76
74
73
74
71
73
73
74
73
73
74
74
75
75
74
74
74
73
74
76
73
73
73
73
74
73
74
72
73
74
74
73
74
74
72
73
74
74
73
74
74
74
74
74
72
74
73
72
74
74
73
76
74
73
72
74
74
74
73
74
74
74
74
74
71
71
73
74
74
75
74
73
75
71
73
73
73
73
71
74
73
73
72
73
72
74
74
73
73
73
74
73
73
73
74
74
74
74
74
74
74
72
73
74
73
74
74
74
73
74
74
73
74
73
74
73
71
74
74
73
74
73
74
74
74
75
74
74
74
74
74
74
74
73
74
74
74
74
74
74
72
74
73
74
74
74
74
74
75
73
73
74
74
73
74
72
74
74
72
74
74
74
74
74
74
73
73
73
74
74
74
73
74
73
74
74
73
72
73
74
75
73
73
73
74
73
72
73
70
73
74
74
75
72
72
73
74
68
72
73
75
71
73
72
71
74
72
74
73
73
73
72
74
72
73
74
73
72
72
73
72
73
73
71
73
72
72
74
75
71
72
74
74
71
73
72
73
71
73
72
72
73
70
74
73
74
73
71
75
72
74
72
74
74
73
70
73
73
73
73
72
72
71
72
72
73
73
72
71
73
73
72
73
73
74
73
72
73
73
72
73
73
74
74
73
73
73
73
74
71
73
73
70
72
71
73
72
71
72
70
72
72
72
70
74
72
72
72
74
72
74
72
72
73
75
72
72
73
72
73
72
74
72
71
74
72
71
71
72
75
72
72
74
72
74
73
71
73
73
73
73
72
74
72
72
71
74
73
73
72
74
74
72
73
72
73
74
72
73
72
73
72
71
72
74
73
73
75
74
72
72
73
73
73
70
72
72
72
72
72
73
75
73
73
74
75
73
74
71
72
72
73
70
74
73
73
73
74
73
73
70
74
75
72
73
72
73
72
74
75
73
72
72
75
72
75
75
73
73
74
74
74
75
72
72
74
72
75
72
70
71
73
72
72
72
75
72
74
74
75
73
73
72
72
73
72
72
75
74
72
73
75
75
75
74
74
73
72
73
75
74
73
73
74
71
73
73
73
74
72
72
74
74
73
74
73
73
73
73
73
72
74
73
75
72
73
73
72
74
73
72
73
74
72
72
73
75
75
72
75
72
74
73
72
74
72
74
72
74
74
75
74
73
74
74
72
72
73
72
75
73
72
73
75
72
75
73
73
74
75
75
73
75
74
73
72
75
75
73
73
75
72
75
72
73
73
72
73
73
73
71
75
76
72
73
73
75
72
76
72
75
72
73
74
74
74
73
72
74
73
73
73
75
73
76
72
73
74
73
74
73
74
74
74
76
74
73
74
72
74
73
72
73
72
74
73
73
73
74
73
72
72
72
74
73
73
73
75
76
74
73
72
75
73
73
74
73
73
73
73
73
74
75
73
73
73
74
73
73
75
74
73
73
74
73
76
73
75
73
73
74
74
73
74
74
76
73
73
73
73
75
73
73
73
73
74
74
74
74
73
73
74
74
73
73
75
76
74
72
75
73
75
73
73
73
75
75
76
73
73
73
76
73
74
73
75
74
73
73
73
74
73
73
74
74
74
75
76
73
75
76
75
76
73
73
76
74
75
73
75
74
74
74
74
74
74
74
75
73
75
75
74
73
73
74
74
76
74
75
74
73
74
76
73
75
74
74
74
74
76
76
75
75
75
74
74
74
75
74
75
74
74
73
74
75
74
73
74
74
74
73
74
74
76
76
74
74
74
75
75
75
73
73
76
75
75
76
74
75
74
74
74
75
73
74
76
74
75
74
74
73
74
75
76
75
77
76
74
74
75
74
75
75
74
74
74
74
75
74
75
74
74
74
76
75
74
74
74
74
75
74
75
74
73
75
74
74
75
75
76
75
74
76
76
74
75
75
75
75
78
75
76
74
74
75
74
75
75
75
75
75
74
74
77
76
74
74
75
75
76
74
74
75
76
75
76
76
74
75
75
75
74
74
75
76
76
74
75
74
74
75
74
75
74
74
75
75
76
76
75
75
75
75
76
76
75
75
75
76
74
75
74
74
75
75
74
75
76
76
75
76
76
76
77
76
74
75
76
74
76
75
75
76
74
75
76
75
76
75
74
75
75
76
75
74
75
77
74
76
74
76
78
74
75
76
76
76
76
76
75
75
75
76
75
76
76
76
76
74
76
76
75
76
77
75
76
76
77
77
74
76
73
76
77
76
76
77
75
77
75
75
77
76
76
77
75
76
75
76
77
76
76
78
78
76
79
75
76
77
76
76
76
76
76
77
77
77
76
76
76
75
75
76
75
76
76
76
77
77
77
77
76
76
77
76
76
77
77
77
76
77
76
77
76
77
77
78
76
76
77
78
78
76
77
77
77
77
77
79
77
77
77
77
77
78
77
77
76
77
77
80
77
77
77
77
77
77
77
77
78
77
77
76
78
77
77
78
77
78
79
77
77
77
77
79
79
77
76
80
77
79
77
78
78
78
77
77
78
78
79
77
77
78
78
79
77
77
77
80
78
78
78
78
77
77
77
77
78
80
78
77
77
79
77
77
78
77
79
77
77
77
78
79
77
77
77
78
77
78
77
77
78
80
78
78
78
78
77
80
78
80
78
79
77
79
78
77
78
77
78
78
77
77
78
78
80
78
78
77
78
78
78
77
78
78
78
78
77
80
78
78
78
78
78
79
79
79
79
78
78
78
78
79
80
78
78
80
79
79
78
80
78
78
79
81
80
81
79
78
78
79
79
80
79
78
79
81
79
80
80
79
80
79
80
79
79
81
81
79
80
79
80
80
79
80
79
79
79
81
81
78
79
79
79
79
80
79
80
79
81
82
80
80
81
79
80
81
80
82
81
81
81
83
81
80
80
82
80
81
80
81
82
82
82
81
83
81
82
82
82
81
85
81
81
82
84
83
81
81
82
82
81
81
83
82
82
83
82
82
83
84
83
83
84
82
86
83
84
83
82
82
84
85
84
81
84
86
84
84
85
84
85
84
85
83
83
84
84
87
87
83
84
84
83
85
88
85
88
85
86
85
85
85
85
85
87
89
88
86
86
83
86
86
86
87
86
87
89
87
88
86
85
89
89
87
85
87
88
86
90
88
88
87
87
88
88
88
90
88
87
87
88
91
88
88
92
90
89
91
90
89
87
93
90
90
90
90
94
92
91
91
91
89
89
94
91
91
91
90
94
91
95
92
92
93
90
90
93
93
92
92
94
96
91
93
98
96
96
93
96
94
95
93
96
93
94
96
97
97
96
94
97
96
98
98
99
99
99
99
101
100
99
99
98
101
101
101
101
100
99
102
101
100
103
103
105
104
102
105
103
104
104
103
104
104
106
105
103
105
104
104
108
104
107
107
109
105
108
108
109
109
110
109
109
112
109
112
109
111
112
110
112
113
112
113
114
114
114
115
114
114
114
113
116
115
116
117
117
116
119
120
117
121
119
119
117
118
124
122
124
122
124
123
122
122
126
128
123
125
127
128
128
129
130
134
128
129
130
131
132
133
135
130
134
134
135
134
138
133
139
136
139
138
139
141
143
141
140
144
142
141
141
144
144
146
143
144
149
149
146
147
146
147
147
147
150
149
152
149
152
152
154
152
154
150
160
154
156
159
158
161
160
160
160
163
160
162
166
162
166
166
164
164
167
166
167
167
165
167
170
169
172
169
170
170
172
174
173
172
175
172
177
174
173
179
179
179
181
181
181
184
181
181
187
185
186
188
187
186
191
190
191
188
189
190
190
191
192
193
193
191
192
195
194
195
195
193
197
201
199
197
201
199
199
203
203
204
205
201
204
207
207
208
207
206
209
210
207
212
206
209
216
211
212
214
211
214
213
212
216
214
214
218
216
222
218
218
219
219
220
221
220
221
224
227
226
225
229
228
233
232
235
229
228
229
232
233
234
232
234
239
239
230
237
236
238
233
239
237
241
240
238
242
240
241
240
247
244
244
246
244
247
243
246
247
246
247
249
252
248
250
252
254
256
251
251
251
253
254
259
255
258
256
256
256
256
257
254
257
259
259
263
262
264
262
267
257
261
261
264
263
260
267
266
269
271
269
270
269
268
269
268
272
270
273
274
268
274
276
273
268
276
275
273
276
275
273
281
279
275
276
279
279
279
284
279
288
283
287
282
279
284
285
287
288
285
286
287
289
289
286
292
292
292
295
288
292
289
296
287
295
296
295
294
289
295
298
296
295
299
299
297
304
295
296
298
299
297
304
299
297
305
304
305
307
305
304
303
304
303
307
303
303
305
308
308
308
306
308
317
312
308
308
310
308
305
312
317
318
314
311
315
315
315
314
316
316
315
321
315
321
322
321
317
315
322
323
320
322
325
324
320
329
326
327
327
329
326
325
327
334
331
332
336
331
333
340
333
339
333
341
341
343
338
348
345
340
346
354
348
343
352
347
349
350
345
354
353
347
350
358
365
350
360
353
357
350
358
356
364
352
354
352
365
353
367
365
367
363
369
368
364
362
371
371
371
368
367
370
366
377
372
366
370
365
373
372
378
374
374
382
375
375
375
372
383
378
379
381
383
389
389
376
382
376
384
389
389
394
378
386
385
392
390
392
393
396
391
388
387
386
394
387
393
386
396
390
390
391
395
393
394
397
396
395
391
392
393
392
397
393
397
396
397
401
406
384
398
397
401
397
396
398
399
399
400
402
403
404
412
398
402
401
406
394
399
405
401
400
392
398
409
400
403
411
400
400
402
407
410
410
405
409
401
406
400
406
401
407
408
405
409
411
402
406
405
404
401
408
402
409
409
400
407
416
402
411
405
402
407
408
409
408
409
405
418
405
428
404
408
406
408
410
419
405
418
398
403
403
405
402
418
407
406
402
420
413
404
418
409
404
420
421
413
406
405
407
420
405
415
417
415
419
413
417
406
401
406
420
425
417
421
414
431
426
424
415
425
425
418
438
420
419
416
415
425
406
416
420
416
416
422
413
412
419
418
429
412
410
426
417
430
414
416
411
430
419
414
431
405
432
419
433
429
429
428
419
425
420
420
426
420
431
418
424
425
431
416
413
424
431
431
418
425
427
417
412
429
446
429
431
411
425
426
411
420
432
426
427
423
425
426
424
422
427
431
419
412
425
413
418
422
419
426
426
409
434
437
441
428
421
426
416
419
437
408
436
407
421
439
421
422
418
437
425
419
418
419
421
434
419
418
414
416
421
423
419
434
423
424
429
416
419
432
434
416
433
432
416
432
431
433
430
430
432
431
417
431
428
428
428
414
432
412
428
418
432
429
429
429
429
419
429
426
429
420
427
427
428
425
427
428
425
424
425
423
425
424
426
422
422
425
425
433
422
420
425
426
421
422
426
423
422
422
417
427
423
422
439
425
423
420
424
418
408
424
421
425
439
421
420
422
419
435
420
434
418
437
435
436
439
435
422
436
417
418
435
435
435
434
422
430
435
431
435
427
436
431
429
413
432
432
413
430
427
432
428
428
426
432
426
426
428
429
426
428
427
411
428
429
427
424
424
414
424
421
439
423
420
422
424
437
425
419
420
423
418
420
434
422
416
422
418
414
432
435
436
432
433
431
432
420
431
431
427
432
429
429
428
426
426
428
427
430
426
426
427
430
427
427
423
425
424
425
424
428
420
420
424
425
424
419
438
422
438
435
421
439
416
435
437
435
417
436
432
432
433
431
413
431
430
430
429
426
423
428
441
427
432
426
427
430
427
430
422
425
424
443
441
442
422
438
439
420
433
441
439
419
436
436
434
433
436
431
433
435
436
433
431
430
429
433
427
426
427
429
426
426
421
427
425
439
425
441
426
437
425
438
435
434
437
431
433
437
432
435
434
436
434
431
425
431
430
429
426
440
439
445
440
443
441
427
442
425
422
440
441
440
436
423
430
436
436
429
434
426
430
448
433
433
430
434
443
431
442
440
438
440
437
439
422
435
426
435
439
436
432
436
441
432
432
435
434
437
429
433
426
424
430
429
423
427
443
437
437
441
436
435
434
421
437
433
429
437
434
430
431
443
428
430
443
438
446
440
440
442
436
438
431
440
435
435
430
436
435
431
429
435
428
439
447
443
442
445
438
437
439
450
433
437
448
436
446
434
430
446
441
442
441
441
443
441
441
443
442
441
445
438
439
446
437
429
445
436
438
448
444
441
441
444
437
442
443
448
438
442
445
445
436
433
452
448
435
431
451
445
442
442
440
442
430
440
439
442
445
442
438
437
436
448
448
451
452
450
448
446
444
451
445
439
443
440
438
441
448
438
441
441
437
443
438
436
450
448
448
443
444
444
443
444
443
441
440
442
453
445
441
447
442
440
432
452
449
444
446
448
443
449
449
441
442
444
452
439
454
439
454
449
448
447
452
446
445
443
440
444
449
441
440
433
439
445
442
451
453
454
452
448
433
448
437
447
449
449
445
447
444
444
442
442
454
445
447
451
451
455
439
448
451
448
438
452
449
445
450
451
454
455
456
440
444
454
454
445
443
440
451
448
450
462
444
448
460
444
445
446
452
455
440
442
451
445
448
452
450
449
445
453
460
450
444
443
439
449
442
453
439
458
439
454
446
458
437
460
447
452
449
450
448
447
443
438
445
448
451
451
440
442
444
445
440
446
440
441
448
448
456
442
451
451
443
452
452
438
450
439
447
449
448
454
447
448
446
445
447
455
453
443
443
441
451
451
447
449
451
439
448
448
443
440
446
448
444
441
445
440
437
441
453
449
451
450
437
446
445
446
450
443
446
444
438
441
435
443
437
447
440
446
441
429
450
437
443
445
444
440
426
448
445
443
446
447
446
442
448
446
442
438
438
439
444
438
447
436
439
437
442
434
432
437
438
434
445
433
447
438
448
448
442
437
433
441
445
438
437
440
439
438
439
437
435
439
436
431
435
431
437
433
431
441
429
433
440
435
442
449
435
447
443
443
439
436
429
445
437
435
428
439
445
434
433
446
434
430
434
439
434
434
440
426
431
434
433
433
437
427
429
436
424
447
443
430
435
438
439
441
443
439
432
435
421
437
440
438
438
429
435
438
434
446
438
433
432
435
432
441
428
442
434
431
431
431
441
435
432
437
428
431
434
435
433
429
428
431
426
430
425
426
423
429
437
430
431
434
431
430
430
425
432
431
439
432
434
430
430
428
423
437
431
427
424
436
423
435
432
435
436
437
435
436
428
432
433
427
429
434
434
430
422
430
432
428
426
424
428
428
422
422
435
435
425
429
423
421
430
431
428
420
429
434
429
436
428
424
422
427
426
428
431
419
431
428
417
428
419
427
425
419
421
424
428
422
426
432
420
424
418
429
416
418
421
419
428
414
417
428
420
414
416
416
423
407
407
422
409
415
411
417
414
419
418
409
415
410
407
407
415
403
403
419
409
402
411
398
400
408
408
399
407
404
400
404
393
402
403
389
400
401
396
395
397
397
395
390
390
393
388
392
390
394
383
395
393
388
380
380
381
385
380
386
379
379
373
378
389
378
378
379
370
371
368
368
370
369
364
361
365
360
361
366
356
362
361
352
351
352
350
359
351
345
354
346
339
343
340
330
335
332
327
327
332
325
325
331
318
318
319
314
312
316
306
305
307
299
298
300
296
288
295
285
280
283
281
278
277
268
270
275
265
265
265
258
256
258
253
254
253
246
243
246
237
240
238
237
231
235
225
229
230
222
224
226
222
217
214
215
215
217
213
210
208
209
207
213
202
197
203
197
197
197
197
198
195
194
192
194
192
189
188
183
188
188
185
184
182
179
183
181
175
179
175
173
169
175
175
173
173
172
171
170
167
168
168
169
164
163
164
165
162
161
162
162
162
160
160
158
160
163
160
158
160
161
158
156
155
157
154
156
157
156
154
156
156
153
153
154
154
154
152
153
151
153
154
149
155
148
151
150
146
147
150
146
144
144
145
146
146
147
147
145
143
142
141
140
139
142
140
141
142
142
142
143
142
141
140
138
138
141
138
138
138
138
138
140
137
138
136
138
138
136
136
136
133
136
137
135
137
136
133
132
134
134
135
133
134
133
133
136
137
131
131
132
135
134
133
132
132
130
130
133
129
130
130
128
131
130
135
128
130
130
132
129
130
130
132
130
130
130
129
127
130
127
128
127
129
128
126
128
128
130
127
126
127
125
125
128
125
128
127
125
126
127
125
125
127
126
127
127
125
127
125
125
129
125
126
124
125
125
123
123
125
123
122
124
123
123
124
123
125
124
124
124
125
124
123
124
124
122
124
124
122
124
122
120
124
124
121
122
123
122
123
123
124
121
124
122
121
121
121
124
120
123
119
122
120
123
120
122
124
122
123
120
121
123
120
122
122
122
119
119
119
122
118
122
122
122
120
120
116
120
117
119
119
120
119
117
120
119
120
120
118
117
117
119
121
118
117
117
118
119
117
119
117
119
119
119
118
119
118
119
117
119
117
115
115
119
119
117
118
119
116
117
115
115
115
117
117
117
117
120
114
119
115
115
115
115
118
118
112
112
118
117
114
112
115
114
113
117
115
114
113
113
114
110
114
115
116
113
111
114
114
111
114
113
115
116
113
114
113
114
113
113
114
113
113
115
113
112
114
111
114
113
113
111
112
110
113
113
113
112
114
110
113
113
115
113
115
113
112
113
110
113
111
112
112
111
111
112
112
112
113
112
113
111
111
112
114
111
111
112
109
112
109
113
113
109
109
111
110
109
110
111
111
111
111
111
111
111
109
109
112
110
109
109
112
112
112
108
109
111
109
109
109
109
110
109
109
109
109
109
108
108
109
109
109
108
109
109
109
109
109
109
108
108
110
108
109
109
108
107
108
111
108
108
111
109
108
108
111
109
107
109
108
109
111
106
108
108
108
108
109
108
109
109
108
108
107
108
109
108
108
108
107
108
107
109
108
109
109
109
108
108
108
108
107
108
108
108
108
109
107
108
107
108
107
108
108
109
108
107
108
108
108
107
108
109
107
108
111
108
108
106
108
106
108
108
106
107
108
106
109
104
106
108
106
106
106
107
107
108
106
106
106
107
107
106
106
106
106
107
105
106
106
107
108
106
107
107
106
107
106
107
106
106
107
107
105
105
106
108
108
105
105
104
106
106
107
107
108
106
106
106
108
106
104
106
108
107
106
106
105
106
106
108
104
106
106
102
104
103
105
106
106
104
104
106
106
104
106
106
104
107
105
103
104
106
106
103
105
102
105
104
105
104
105
104
106
104
107
107
104
106
104
104
104
101
104
102
104
103
106
104
104
102
105
105
104
105
105
105
106
104
102
101
101
105
104
105
105
104
104
104
104
105
104
105
102
106
103
104
104
103
106
102
105
104
104
101
103
104
105
105
103
104
105
103
102
104
103
105
102
102
103
102
104
100
102
102
101
104
102
102
104
102
103
100
102
104
104
102
104
101
101
101
102
102
102
101
102
101
102
102
100
102
102
102
102
102
105
102
102
101
102
100
102
102
102
103
102
104
101
102
102
100
101
101
102
103
102
102
102
102
102
102
100
102
104
100
100
103
103
102
102
98
101
102
100
100
99
100
101
101
100
102
102
98
105
100
104
101
101
99
101
102
100
101
103
100
102
103
99
98
100
102
104
98
99
103
98
105
99
101
100
101
99
103
102
99
100
101
102
100
101
98
101
101
99
99
98
99
100
98
100
101
98
102
100
100
98
99
98
100
101
100
102
100
98
98
100
99
99
101
99
101
98
99
99
100
98
98
100
99
98
99
103
101
99
100
99
99
98
102
99
100
99
100
101
97
98
100
99
98
99
98
99
102
103
97
98
99
98
101
98
102
98
98
100
98
98
101
98
97
100
97
100
98
100
99
97
96
97
97
98
98
97
98
97
98
98
98
98
98
99
99
97
98
97
99
97
97
97
97
99
98
98
97
96
98
98
98
97
98
100
97
100
97
98
98
98
98
97
97
96
98
96
97
98
98
97
97
99
100
97
98
96
97
96
98
96
97
96
96
98
99
97
98
97
97
97
97
98
97
97
98
97
97
98
98
96
97
95
97
98
98
98
99
98
98
97
97
97
97
95
98
97
97
98
98
96
97
98
95
98
97
96
98
97
96
98
101
95
96
97
95
96
98
97
98
97
95
97
98
98
98
97
97
96
95
96
98
97
97
97
96
97
98
97
95
97
97
98
98
97
96
96
98
97
97
98
97
97
95
97
96
96
96
97
97
98
96
95
97
96
96
95
97
97
96
99
95
97
96
95
96
97
97
97
97
97
98
98
97
97
95
95
97
97
97
97
97
97
96
96
96
96
97
96
95
95
96
95
96
95
97
96
97
95
98
97
95
96
95
96
97
97
97
96
95
95
95
95
95
96
96
95
97
95
95
97
96
97
96
95
97
95
97
95
97
95
96
94
96
97
96
95
97
95
95
98
95
95
97
96
97
93
93
95
94
95
95
95
96
96
93
95
95
95
94
97
97
96
95
95
94
97
95
96
94
96
96
95
97
95
95
96
97
93
95
98
95
93
95
95
95
95
95
95
95
95
95
94
95
96
95
95
93
94
94
95
96
95
95
95
95
97
95
95
93
96
94
96
97
95
95
95
93
95
95
93
97
93
95
95
94
94
97
94
95
95
96
93
94
94
95
97
93
95
93
93
96
95
93
94
95
93
93
96
93
92
96
95
94
95
95
95
93
94
95
93
93
95
96
95
97
94
93
94
95
95
94
96
93
94
92
94
95
94
94
95
96
96
95
96
94
92
94
94
96
93
93
94
94
95
94
94
94
96
93
95
94
94
94
93
92
92
94
92
95
95
93
92
95
93
92
94
95
94
94
95
95
95
93
93
94
94
95
96
96
93
95
94
93
96
94
94
94
96
93
93
94
93
92
92
96
95
95
94
94
95
96
94
93
94
93
94
94
94
94
94
93
94
95
94
95
94
93
94
93
93
93
95
93
93
94
95
94
94
95
94
94
93
94
94
93
95
93
92
93
92
94
95
93
93
94
94
93
91
93
93
92
96
92
93
93
93
93
94
95
93
95
94
92
94
94
93
92
92
91
94
95
94
93
93
95
94
94
93
91
94
93
92
92
94
93
93
92
93
95
92
93
92
94
92
93
93
94
93
93
92
92
93
94
92
95
93
93
92
93
93
92
93
93
93
93
92
92
94
93
93
94
92
92
92
94
92
92
93
92
94
93
92
93
92
92
93
94
92
92
90
92
92
93
93
92
93
93
93
92
93
92
93
92
92
94
92
91
94
92
92
93
94
91
92
93
94
92
91
91
92
93
91
92
93
94
92
93
93
92
91
91
92
93
93
92
93
90
92
93
92
91
92
93
92
93
90
91
93
94
94
90
92
89
94
91
93
90
92
92
95
91
93
93
90
93
90
90
92
90
93
90
91
94
91
92
93
92
91
93
92
92
93
93
90
92
94
94
91
91
92
90
92
91
92
91
93
91
92
90
91
91
92
93
90
93
91
93
90
