Default maxiter = 1024; set to maxiter = 4096 
2788
2933
2899
2793
2949
2903
2774
2923
2856
2558
2757
2631
2042
2404
2199
1643
2008
1819
1022
1047
1018
767
744
756
543
527
535
389
388
391
305
309
308
255
257
256
229
224
226
200
204
202
182
184
186
165
167
169
153
153
155
144
143
142
131
133
133
121
122
121
112
109
112
105
105
106
102
102
103
97
96
97
95
93
95
90
91
91
87
86
90
84
84
86
82
81
81
80
80
80
79
80
80
78
78
80
79
79
80
78
79
78
77
78
78
77
78
78
77
78
79
77
79
79
77
77
76
79
78
80
77
76
77
77
78
79
77
77
77
77
77
77
77
77
77
77
77
78
77
77
77
77
77
77
77
76
77
77
77
77
77
77
77
77
77
77
75
75
76
80
80
80
77
77
77
75
75
77
80
80
81
77
77
77
76
77
77
76
75
77
77
76
77
77
76
77
75
75
77
75
75
77
75
76
76
75
75
77
74
75
77
75
75
76
75
75
77
75
75
77
75
75
77
75
74
77
76
76
77
76
74
77
75
75
77
75
75
77
75
75
77
76
75
77
75
75
77
76
75
76
75
74
77
75
75
77
76
75
77
75
75
76
75
74
77
76
75
77
75
75
76
76
75
77
75
75
77
75
74
77
75
75
77
75
74
77
75
75
75
75
75
77
75
74
77
76
75
77
75
74
77
75
75
77
75
74
77
75
74
75
75
75
76
75
73
77
75
74
77
76
74
77
75
74
77
75
75
76
75
74
77
76
75
77
75
74
76
75
74
77
75
75
77
75
74
77
75
74
77
75
74
77
75
74
75
75
74
76
75
74
77
75
74
75
75
74
77
76
74
77
75
74
75
75
74
77
75
74
77
75
74
77
75
74
76
75
75
77
76
74
77
75
75
77
75
74
77
75
74
77
75
74
77
75
74
77
75
74
77
75
74
77
75
74
76
75
74
77
76
74
75
75
74
77
75
74
77
75
74
77
75
74
77
75
74
77
75
74
75
75
75
75
75
74
75
75
74
77
75
75
75
75
74
77
75
74
77
75
74
75
75
74
77
75
74
77
75
74
77
75
74
77
75
74
77
75
74
77
75
74
77
75
74
77
75
75
75
75
74
77
75
74
77
75
74
76
75
74
77
75
74
77
75
74
76
76
74
77
75
74
77
75
75
76
75
74
77
75
74
75
75
74
77
75
74
75
75
74
77
76
75
77
76
74
77
75
74
77
75
74
77
75
75
75
75
74
77
75
74
76
75
74
75
75
74
75
75
74
77
75
74
75
75
74
77
75
74
77
75
74
77
75
74
75
75
75
77
75
74
77
75
75
76
75
74
77
75
74
77
75
74
77
75
74
76
75
74
77
76
74
75
75
74
75
75
74
77
75
74
77
75
74
77
75
74
77
75
74
77
75
74
77
75
74
77
75
74
77
75
74
77
76
74
77
75
74
77
75
74
77
75
74
77
75
74
77
75
75
76
76
74
77
75
74
76
75
74
77
75
74
77
76
74
75
75
74
77
75
74
75
76
74
77
75
74
77
75
74
77
76
74
77
75
74
77
76
74
77
75
74
77
75
74
75
75
75
77
75
74
77
75
74
77
75
75
77
74
74
77
75
74
77
76
74
76
75
75
77
75
74
77
75
74
77
74
74
77
75
74
75
75
75
77
75
75
77
75
74
77
75
74
77
75
74
77
76
75
76
75
74
77
75
74
77
75
74
77
75
74
75
75
74
77
75
74
77
76
74
77
75
74
77
75
74
77
76
74
77
75
74
77
75
74
77
75
74
76
75
74
77
75
74
77
76
74
77
75
74
75
75
74
77
75
74
77
75
74
75
75
74
77
76
74
75
75
74
75
75
75
77
75
74
77
75
74
77
76
74
77
75
74
76
76
74
77
75
74
77
75
74
77
76
74
75
75
74
75
75
74
77
76
74
77
75
73
77
75
74
75
75
74
77
75
74
75
75
75
77
75
74
77
75
74
76
76
74
77
75
74
75
75
74
77
76
74
76
75
75
77
75
74
77
75
74
77
75
74
75
75
74
77
75
74
77
75
74
77
75
75
76
75
74
77
75
74
77
75
74
77
75
74
76
75
74
75
75
74
77
75
74
77
75
74
77
75
74
77
75
74
77
75
74
77
75
74
77
75
73
77
76
74
77
75
74
77
75
74
75
75
74
75
75
74
76
75
75
77
75
74
75
75
74
77
75
74
77
75
74
77
75
74
75
75
74
77
75
74
76
75
74
77
75
74
76
75
74
77
75
74
75
75
74
75
75
75
77
75
73
75
75
74
76
75
74
77
75
74
77
75
74
76
75
75
75
75
74
77
76
74
76
75
74
77
75
74
76
75
74
77
75
74
77
75
74
77
75
74
77
75
74
77
75
74
76
75
74
77
75
74
77
75
74
77
76
74
75
75
74
77
75
75
75
75
74
77
75
74
77
76
75
76
75
75
77
75
74
76
76
74
77
75
74
77
75
74
75
75
74
75
76
74
75
75
74
77
76
74
77
75
74
77
75
74
77
74
74
77
75
74
75
76
74
75
75
74
75
75
74
77
75
74
75
75
74
77
75
75
77
75
74
75
75
75
77
75
74
77
75
74
75
75
74
77
76
74
77
75
74
77
75
74
75
75
74
77
75
74
77
75
74
77
75
74
77
75
74
76
75
75
77
76
74
77
75
74
77
75
74
77
75
74
75
75
74
77
76
74
75
75
74
75
75
74
77
75
74
77
75
74
77
75
74
75
75
74
77
75
74
77
75
75
77
75
74
76
75
75
75
75
75
77
75
74
77
76
75
77
75
74
77
76
74
77
75
74
77
75
74
77
75
74
77
75
74
77
75
74
77
75
75
77
76
74
77
75
75
77
75
74
75
