Default maxiter = 1024; set to maxiter = 4096 
3256
3575
3504
3259
3591
3494
3243
3589
3495
3253
3561
3496
3116
3303
3276
2506
2630
2544
1922
1965
1947
1623
1605
1630
1452
1447
1454
1348
1325
1341
1256
1259
1258
1176
1181
1174
1088
1104
1092
975
983
969
917
897
863
821
814
817
742
700
749
672
674
668
604
589
610
553
585
574
533
545
540
505
512
521
488
497
495
461
486
470
475
473
474
459
461
454
443
453
440
431
441
437
417
426
430
404
411
425
391
384
396
372
375
376
361
359
370
346
345
358
318
331
343
315
320
322
302
302
300
286
278
281
271
273
269
258
261
260
249
251
253
242
247
247
240
243
237
234
236
235
227
228
228
223
225
226
218
219
218
216
217
218
206
209
206
206
208
211
203
207
202
197
197
199
193
193
198
192
197
194
189
189
191
186
186
186
184
187
186
184
185
184
181
182
183
180
177
181
177
176
177
171
168
178
170
168
170
170
168
170
168
166
168
168
165
168
163
162
168
161
161
165
161
161
164
160
160
161
157
159
161
157
157
159
157
154
157
155
153
157
157
153
156
153
152
153
151
153
153
153
150
153
150
152
150
152
151
150
150
147
150
150
147
149
149
145
148
148
145
149
148
146
145
146
145
146
144
144
145
143
143
146
143
143
143
141
142
142
141
143
141
141
144
142
140
143
141
140
140
141
139
141
140
140
140
140
140
139
140
138
139
140
139
139
139
137
140
140
138
136
138
138
137
140
137
139
138
136
137
138
135
137
137
134
136
138
135
136
138
135
134
135
134
135
135
135
136
135
133
134
135
134
134
134
132
134
135
132
134
135
133
134
131
131
131
134
129
134
133
128
130
131
131
132
133
127
130
131
128
128
131
129
132
134
129
132
132
132
131
132
129
128
132
127
127
129
127
130
132
127
128
128
125
129
128
128
127
129
125
126
128
125
128
130
125
126
127
125
126
127
125
125
125
125
126
128
124
126
125
123
123
127
124
123
128
123
123
125
124
122
125
123
122
125
124
124
125
123
124
124
124
123
124
123
121
123
121
124
125
122
123
124
122
121
123
123
121
124
122
121
123
120
121
123
122
121
123
121
120
123
120
119
122
119
121
123
119
119
121
120
119
123
119
120
123
119
120
120
119
117
120
118
119
119
119
119
119
118
118
120
118
119
119
119
119
119
119
118
118
119
119
120
118
119
118
118
118
119
119
118
118
119
117
118
119
117
117
116
116
118
117
118
118
115
116
118
117
114
119
119
117
118
116
116
118
117
116
118
115
115
118
116
116
118
118
116
118
116
116
118
115
116
117
115
115
118
116
116
118
115
115
118
116
116
117
113
113
118
116
112
117
113
116
116
113
112
115
114
112
117
114
112
116
113
112
117
113
115
115
113
113
116
113
112
114
113
110
115
113
112
113
113
110
113
112
113
113
112
112
112
112
114
113
112
113
113
111
110
113
113
110
113
113
111
112
111
110
112
112
111
113
112
110
113
112
111
113
112
111
113
111
111
112
111
110
112
111
110
112
112
110
113
112
110
113
112
110
113
112
110
112
111
111
112
111
107
113
112
109
111
111
110
113
111
107
111
111
110
113
111
110
113
111
107
111
111
111
112
109
108
111
110
107
113
111
109
111
108
109
113
111
107
110
111
107
110
109
107
111
109
107
111
112
107
110
107
107
111
108
108
111
108
109
111
109
107
111
109
107
111
108
107
110
108
107
111
108
107
108
108
107
108
108
107
109
108
107
109
108
107
110
107
107
108
106
106
109
107
106
108
107
107
109
106
106
108
107
105
108
107
106
108
106
106
109
107
107
108
107
105
107
107
106
109
107
105
107
106
106
108
106
106
108
106
106
106
107
105
108
106
105
106
106
105
106
106
106
106
106
105
106
106
106
108
107
105
106
106
105
108
107
105
106
106
106
106
105
104
106
104
104
106
105
104
108
105
105
106
106
104
106
104
105
106
105
104
106
104
104
106
104
104
107
107
105
106
104
104
106
104
104
108
104
104
106
105
104
107
104
104
106
104
104
106
104
104
107
104
104
105
104
104
105
103
104
106
104
104
105
104
103
106
104
104
106
104
104
106
104
104
106
104
104
105
104
104
105
104
104
105
104
104
105
104
104
106
104
103
107
104
104
104
103
104
104
104
103
105
104
104
104
104
103
105
104
103
104
104
104
104
103
103
105
103
104
105
104
103
105
104
103
105
102
103
105
104
102
105
104
103
104
102
104
105
103
103
105
102
104
105
101
103
104
102
103
105
102
103
105
103
103
104
103
102
105
101
102
102
102
103
105
104
103
105
104
103
103
103
102
102
103
103
103
101
103
103
102
102
103
100
102
103
100
102
103
101
100
105
100
102
102
100
102
102
100
100
103
100
102
102
100
100
103
100
102
103
100
102
103
100
102
103
100
99
103
100
100
102
100
100
103
100
100
102
100
100
102
100
101
102
99
102
103
100
101
102
100
102
102
101
103
103
100
100
103
100
100
103
100
102
103
100
99
103
99
100
102
100
101
102
100
101
103
100
101
102
100
100
103
100
101
102
100
99
103
100
100
103
99
100
102
100
100
103
100
101
102
100
100
103
100
100
103
100
99
100
100
102
103
100
100
101
100
100
103
100
101
103
100
99
103
100
100
102
100
100
102
100
100
102
100
98
101
100
98
100
100
98
102
100
98
102
100
98
102
100
100
102
100
100
103
100
99
102
100
98
100
100
98
100
100
98
101
100
100
101
100
98
101
100
100
100
100
98
102
99
98
102
100
100
101
100
98
101
100
100
100
100
98
100
100
100
100
100
98
101
100
98
101
100
98
101
100
100
100
100
98
100
98
98
99
100
97
100
99
98
100
100
98
101
100
100
100
98
97
101
100
98
100
98
98
101
100
98
100
100
98
100
98
98
100
99
98
100
99
98
99
98
98
100
99
98
101
98
98
100
98
98
100
98
98
101
99
98
99
98
98
99
99
98
100
99
98
100
100
98
100
98
98
98
98
100
100
97
98
98
99
98
100
100
97
98
98
98
98
97
98
98
98
98
98
98
98
98
97
98
98
98
97
98
98
96
98
98
98
98
99
98
98
99
98
98
98
98
98
97
96
98
98
98
98
98
98
100
98
98
97
99
96
98
97
96
98
98
96
98
98
96
98
98
96
97
98
98
98
98
98
98
97
98
98
98
96
98
98
96
98
98
98
98
98
98
98
98
98
98
98
96
98
98
95
98
98
96
98
98
96
98
95
96
98
97
98
98
96
95
98
95
96
98
95
97
98
98
96
98
95
98
98
97
98
98
95
98
98
99
96
98
95
96
98
96
96
98
95
96
97
95
97
98
95
95
98
95
95
98
96
96
98
95
95
98
95
96
98
95
96
98
96
95
98
95
95
98
95
97
98
95
96
98
95
95
98
95
96
98
95
97
98
95
96
98
95
96
98
95
95
98
