Default maxiter = 1024; set to maxiter = 4096 
135
145
140
165
162
171
178
188
184
195
190
200
201
205
202
215
217
221
216
223
205
225
239
224
239
227
222
231
237
231
233
246
226
245
218
234
226
240
227
231
239
236
232
232
236
235
244
250
229
233
243
246
233
246
228
252
235
232
234
238
241
225
244
233
225
234
223
245
251
237
230
226
246
226
227
219
220
230
216
227
235
216
244
226
227
215
224
217
228
227
220
235
212
216
227
226
230
228
222
212
228
216
226
221
222
224
221
223
220
225
220
216
217
222
220
230
218
215
225
224
214
223
212
230
236
220
213
220
227
228
211
231
215
227
209
216
213
228
210
208
236
234
223
229
216
215
218
223
227
211
225
222
211
234
222
229
224
237
218
217
223
231
214
209
226
218
216
224
215
215
222
223
220
209
215
220
223
212
212
214
211
231
226
219
210
222
221
219
220
223
213
212
211
204
213
206
219
219
207
204
209
211
220
212
205
219
211
207
210
206
209
213
208
221
213
223
206
200
225
212
205
208
219
207
214
204
203
207
213
202
209
211
214
210
202
216
208
207
203
200
202
201
213
209
206
203
213
202
207
209
211
205
208
208
212
202
199
205
207
223
204
207
203
206
193
208
213
204
198
212
204
199
206
201
201
209
201
202
203
205
199
201
204
213
209
201
199
211
206
203
210
205
202
200
205
210
211
206
211
200
205
201
198
208
204
200
203
201
202
200
196
200
202
198
198
213
200
201
194
201
201
194
199
197
199
195
197
199
197
199
199
202
199
194
201
198
201
201
209
196
206
199
200
193
197
199
201
192
198
198
198
201
201
202
192
201
204
197
196
204
198
199
201
192
198
199
198
193
201
197
193
191
190
193
200
192
195
193
194
196
194
188
199
199
196
191
193
195
197
191
203
194
197
195
191
203
194
197
194
200
195
191
195
186
195
195
195
194
186
185
195
194
201
200
194
197
195
190
198
191
187
198
190
189
183
186
185
194
195
185
186
190
190
181
182
192
190
194
187
184
189
195
184
186
187
191
192
184
186
191
191
184
185
184
187
188
187
186
185
192
185
181
183
187
187
186
191
187
190
187
188
184
184
182
184
185
185
189
189
183
185
184
184
192
185
172
180
185
178
183
180
188
184
185
179
194
183
185
187
178
182
181
187
192
182
182
182
175
183
184
182
183
186
181
182
184
183
189
183
192
177
184
174
174
183
178
175
172
179
183
184
182
181
183
175
184
180
174
174
180
177
178
180
176
181
180
184
175
173
185
187
174
178
177
176
174
175
175
174
180
177
172
174
176
176
184
175
172
173
175
169
178
174
174
180
172
173
175
171
175
173
171
169
175
169
167
173
173
171
171
176
170
171
173
169
173
172
175
174
172
171
178
169
176
170
173
171
165
173
175
171
174
172
168
173
169
168
168
166
170
172
170
171
164
165
169
165
169
167
171
170
167
166
172
168
163
169
170
169
160
162
164
167
162
172
170
168
161
166
167
169
166
166
164
165
166
162
171
163
167
162
166
163
169
162
160
164
161
163
160
172
166
168
161
161
163
160
164
164
164
169
163
163
165
160
158
161
167
159
164
161
155
162
161
161
163
159
161
155
163
160
161
161
162
160
163
157
159
163
160
161
163
156
159
158
160
158
158
161
165
159
162
162
161
159
151
160
162
155
160
157
160
162
160
155
152
156
160
160
159
162
158
152
153
152
153
154
153
152
155
153
153
151
156
160
154
157
152
157
148
152
153
159
150
152
149
153
152
151
155
148
153
150
151
155
150
151
149
154
150
147
154
156
155
152
154
155
161
149
149
151
152
148
148
151
152
148
149
149
149
149
148
152
154
151
151
149
149
156
148
144
151
149
149
150
149
147
145
146
145
152
150
152
150
148
148
145
149
148
149
147
147
146
150
148
142
145
150
144
147
145
153
147
149
144
149
146
144
148
145
147
141
143
148
147
148
143
145
143
147
146
145
143
148
145
144
144
144
144
144
145
145
142
144
139
150
145
144
143
144
145
147
142
146
143
143
147
143
147
142
139
144
143
142
144
141
142
142
137
138
141
142
145
138
142
143
140
145
143
141
139
140
143
142
143
142
140
137
143
141
147
135
139
142
137
140
141
142
140
139
144
140
141
136
140
141
137
138
139
139
139
134
140
141
138
146
137
138
138
137
142
134
138
138
139
139
142
140
140
137
141
140
138
139
140
139
135
139
138
137
132
135
134
137
139
140
139
137
139
137
137
140
134
136
137
135
135
137
135
136
136
138
137
136
135
134
135
132
134
132
137
138
133
133
131
136
131
135
135
134
136
132
133
131
131
132
133
133
133
132
132
136
134
133
137
134
135
131
130
131
130
132
131
131
130
134
131
130
128
131
134
135
132
132
132
128
127
130
129
131
128
128
130
131
127
130
132
130
129
131
128
130
132
128
129
132
132
129
128
129
132
134
128
131
132
131
129
129
130
129
126
130
130
135
128
132
127
129
127
127
126
130
127
130
130
129
132
131
127
127
125
125
127
124
126
126
128
126
126
127
124
125
125
126
132
125
123
125
126
124
126
124
121
124
125
129
123
124
125
126
131
126
122
123
129
126
126
124
122
123
126
125
124
124
124
125
124
124
124
125
121
124
128
121
123
121
123
125
126
125
123
123
124
127
124
124
123
120
123
123
122
124
122
124
122
122
121
122
122
118
123
122
121
122
125
122
124
124
123
119
125
121
124
125
121
120
122
121
121
124
124
124
123
120
120
121
117
120
117
124
122
118
121
124
123
120
121
118
120
123
121
122
122
126
120
123
117
120
123
120
122
116
117
118
121
118
118
117
118
118
119
120
120
117
114
117
119
117
116
118
119
121
121
115
124
120
114
117
120
120
123
119
115
115
114
116
115
113
117
117
117
114
114
115
119
118
114
119
116
114
117
119
116
113
113
117
113
114
117
117
113
117
113
117
116
115
113
112
118
114
116
114
116
113
118
114
113
113
114
113
117
113
115
114
119
116
115
116
113
113
114
116
113
113
113
114
111
113
116
113
113
113
113
116
113
113
112
115
113
111
115
115
112
112
114
113
113
113
115
114
112
111
114
115
112
111
113
112
112
113
111
111
111
111
114
113
112
111
113
111
109
112
112
109
111
110
112
113
109
113
113
109
113
110
110
111
109
113
113
113
114
113
110
111
111
110
112
111
112
113
109
111
113
109
112
109
112
110
108
113
109
109
108
113
112
109
108
110
114
109
107
114
109
106
111
108
112
110
109
108
111
108
108
108
109
108
110
113
108
110
107
108
108
108
106
108
109
112
108
108
108
111
107
107
110
111
106
108
108
108
108
106
106
106
107
107
108
107
107
105
107
109
108
106
108
110
111
107
106
109
109
108
109
106
111
107
108
106
107
107
107
109
106
107
107
105
106
106
107
106
107
109
106
106
106
105
106
107
107
107
106
105
107
109
108
104
106
105
111
106
106
106
105
106
106
109
108
105
108
107
105
105
106
104
105
105
103
108
104
106
106
104
106
106
106
107
104
106
106
108
103
105
106
104
106
107
106
104
104
105
104
105
105
105
104
105
106
104
105
104
102
106
106
106
104
103
104
103
105
105
105
105
105
103
102
104
106
103
105
105
104
103
104
108
105
103
104
103
104
107
103
103
106
104
106
102
104
104
106
104
102
102
103
104
105
101
104
104
101
104
105
104
104
103
102
102
103
103
104
105
102
106
104
102
102
103
103
104
102
103
102
103
102
104
101
102
102
101
104
102
105
105
103
105
104
104
104
101
104
101
100
101
104
102
101
104
101
100
101
101
103
104
102
102
100
105
103
100
101
105
102
101
104
106
101
101
103
102
103
101
101
101
102
102
101
101
101
101
101
102
105
103
100
101
103
101
104
101
100
101
106
101
105
101
104
101
100
101
103
100
101
100
99
101
101
101
101
101
101
99
99
102
102
101
101
101
102
101
100
102
100
101
101
103
103
103
103
100
103
102
103
100
102
103
103
101
102
101
101
105
101
99
101
103
103
103
102
103
103
100
102
104
102
102
100
102
102
100
100
100
103
103
102
101
101
100
102
102
101
101
101
102
103
101
100
101
100
99
101
101
102
103
99
100
104
103
100
100
102
102
102
102
100
103
102
102
102
100
102
101
102
102
103
100
100
102
102
103
101
102
102
100
102
103
102
98
101
99
100
102
101
100
103
100
103
100
103
100
102
102
102
98
101
99
99
101
98
100
98
100
100
101
103
102
103
101
101
100
101
101
102
102
98
101
102
99
102
103
100
101
101
102
100
99
101
101
98
100
103
99
102
99
100
102
102
101
101
102
100
101
102
100
100
101
97
99
100
99
101
99
101
101
98
101
100
101
101
103
101
100
101
102
102
99
100
100
102
100
102
103
100
102
103
100
101
102
100
99
100
102
100
101
101
99
100
100
101
100
102
101
99
99
99
102
99
101
100
100
101
100
100
99
101
100
103
100
99
100
102
100
100
100
102
100
100
100
99
100
99
100
102
100
100
99
101
102
100
103
99
98
101
100
103
99
100
101
101
100
100
101
102
100
100
101
100
101
100
100
100
103
101
104
102
101
102
101
102
102
101
101
101
99
99
100
102
100
102
99
102
98
101
104
100
101
101
102
104
101
103
102
101
100
102
102
101
102
104
103
102
103
103
102
103
102
102
103
103
101
103
101
103
101
102
103
102
102
102
102
102
102
103
102
103
103
103
102
103
102
101
102
102
103
102
101
102
102
101
104
103
103
104
103
104
103
102
103
103
103
103
102
102
101
104
102
102
102
103
101
100
103
103
103
103
102
101
102
103
102
100
104
102
100
103
104
103
101
103
101
103
102
102
104
104
104
102
102
102
101
105
102
105
101
105
102
100
103
103
104
105
102
103
102
103
102
104
103
105
105
105
103
106
104
105
103
103
103
103
104
102
102
105
104
106
106
103
105
105
103
107
105
107
106
102
104
108
107
107
104
106
106
107
105
107
105
104
107
107
108
107
105
104
107
106
105
107
106
107
107
107
109
108
109
108
107
106
106
108
111
108
108
108
108
107
109
107
108
110
107
108
106
107
108
109
111
108
110
109
106
111
107
110
107
111
109
110
109
108
110
107
111
110
113
110
110
110
110
109
110
109
109
112
110
110
110
111
109
111
111
112
113
109
109
111
111
112
111
111
114
109
110
112
112
113
112
112
114
113
112
112
113
112
113
115
114
112
114
113
113
113
113
114
114
113
113
113
115
115
115
114
114
113
115
115
113
115
115
117
115
116
114
117
117
114
118
114
120
116
117
119
118
114
115
117
115
119
121
117
118
119
117
117
119
117
119
119
118
119
118
118
121
117
118
119
119
119
119
117
120
121
121
120
121
124
121
122
121
123
123
125
121
122
121
122
124
126
126
123
126
120
123
122
126
128
122
124
124
125
125
127
127
124
127
122
125
125
126
128
125
126
126
126
124
131
129
129
129
128
129
126
130
132
128
130
132
130
130
131
130
131
133
134
131
133
130
132
134
133
133
134
133
135
136
134
133
136
133
137
135
135
138
135
139
138
136
139
139
138
137
139
140
136
139
140
139
141
142
140
146
141
144
143
141
140
147
145
146
145
143
144
149
144
145
148
149
146
146
150
151
151
151
150
151
149
152
152
151
154
154
151
153
153
153
154
154
156
156
156
156
157
158
159
161
162
161
164
158
162
163
165
164
165
165
164
164
165
165
168
171
168
166
168
169
171
171
171
172
174
176
173
175
175
173
180
176
180
180
182
181
181
182
178
181
183
183
186
187
184
187
188
186
188
189
189
190
193
192
194
193
192
195
193
194
198
195
196
202
200
199
204
202
201
203
204
206
203
206
205
203
205
210
208
207
212
210
215
216
210
215
216
215
221
217
219
218
217
225
219
219
220
225
224
224
223
224
228
227
229
230
225
228
228
230
230
236
234
230
233
230
235
238
238
232
242
239
240
243
245
240
244
244
244
245
246
246
248
251
244
244
248
248
249
253
248
253
251
251
253
253
251
258
259
257
257
258
260
261
262
261
260
261
264
262
264
265
266
264
270
267
266
266
270
274
268
268
271
273
268
273
275
272
276
275
275
278
273
279
276
276
280
275
277
277
282
280
278
280
285
285
284
286
286
283
284
285
286
291
284
282
293
287
293
290
286
291
289
291
296
295
298
292
296
293
294
297
296
300
300
296
302
297
300
303
296
298
297
297
305
300
299
306
306
300
305
307
304
302
307
305
307
308
309
312
311
307
305
310
311
308
304
309
308
311
311
313
309
311
313
310
307
311
313
309
309
315
316
310
310
314
312
315
311
309
316
312
316
315
311
320
313
313
310
315
318
314
311
310
312
314
311
310
308
306
313
307
307
305
310
308
301
305
308
297
303
302
297
296
298
296
299
295
290
294
292
289
290
291
285
282
285
283
284
281
275
279
278
273
275
274
266
265
271
266
266
261
262
258
262
255
254
253
252
249
252
245
250
250
246
244
243
239
243
238
237
237
237
233
232
232
230
229
232
228
225
224
223
220
220
221
217
218
219
213
218
211
214
209
209
214
206
210
209
207
207
207
203
199
201
206
199
202
199
198
200
202
195
196
198
194
195
194
190
195
193
190
193
187
190
187
190
188
184
188
186
184
187
182
182
180
184
183
184
183
181
179
178
178
181
181
176
179
178
177
178
177
176
176
175
172
178
175
178
175
171
174
172
172
170
169
173
172
170
166
171
170
169
167
168
169
169
166
167
165
167
166
166
166
162
164
165
162
162
162
162
162
162
162
162
162
162
164
160
156
162
164
159
160
155
161
160
160
160
159
157
157
160
158
159
159
158
158
156
155
158
159
156
155
155
157
156
155
155
156
156
154
154
153
154
153
151
153
153
155
152
151
151
151
151
152
154
152
152
152
150
150
151
151
151
153
149
150
149
151
149
149
149
149
149
147
149
147
146
148
149
149
149
148
148
150
147
147
147
147
147
144
148
147
146
147
146
145
146
147
147
144
143
144
145
147
144
146
144
144
144
144
144
144
144
146
145
142
144
144
142
141
143
144
147
142
140
143
143
143
144
139
139
142
143
142
139
139
142
142
142
141
142
140
141
139
139
137
139
142
141
138
142
140
140
138
137
137
138
136
137
137
139
135
138
137
139
136
137
138
137
137
133
137
135
135
135
136
134
135
138
134
134
134
134
135
135
135
138
135
135
135
135
133
134
134
133
136
134
134
135
136
134
133
134
134
135
134
133
134
134
134
132
134
132
133
132
132
131
134
134
132
133
132
132
132
133
132
133
133
132
133
131
133
133
131
132
131
133
133
131
133
132
132
130
133
130
131
133
133
131
131
132
131
131
128
131
131
130
130
132
129
132
129
128
129
131
129
129
130
131
131
131
130
131
130
129
129
128
129
129
128
129
129
129
129
130
128
128
131
129
127
129
129
130
129
127
127
125
128
127
127
131
128
127
128
129
127
128
129
129
129
127
125
129
125
128
127
126
128
128
127
125
125
127
128
128
126
126
128
127
127
127
125
127
128
129
128
127
128
127
127
125
125
127
125
128
125
126
127
126
127
124
127
126
126
126
126
125
124
125
127
125
126
125
126
125
126
125
125
125
128
126
124
125
124
126
124
124
125
124
125
124
124
126
124
124
123
124
123
126
122
124
126
124
127
123
124
122
124
124
125
123
121
124
124
124
124
124
124
123
124
123
124
124
123
122
124
124
122
124
125
124
122
124
123
122
123
124
123
123
123
123
123
123
121
122
124
123
123
124
123
122
123
123
122
122
124
122
121
123
122
123
123
123
123
123
124
123
121
121
122
122
122
124
122
121
123
122
122
121
122
123
120
122
123
122
123
120
123
122
122
123
123
121
122
121
121
120
120
120
122
122
121
123
122
123
123
121
122
120
120
121
120
122
123
123
121
121
119
120
122
121
120
120
120
120
120
123
118
119
122
120
120
120
121
120
120
119
121
119
121
119
123
121
120
120
120
120
120
122
119
119
120
119
120
118
120
121
121
117
118
118
118
121
121
121
119
116
120
122
120
120
120
117
119
121
118
118
120
120
118
118
122
118
118
117
118
120
120
119
118
118
119
119
120
122
120
118
119
118
118
117
117
118
119
117
118
118
121
117
117
119
119
119
119
119
117
119
117
119
118
117
117
117
118
117
118
116
120
118
117
119
118
118
119
120
118
119
117
118
119
119
117
116
118
117
118
119
116
117
117
117
117
116
117
117
118
118
118
117
116
116
117
119
118
118
118
117
117
117
119
118
118
118
116
118
117
117
117
117
116
117
118
117
118
117
117
116
118
118
116
118
117
115
116
117
116
117
119
116
117
117
117
117
117
116
117
116
116
118
117
116
117
116
116
117
117
117
115
117
117
116
115
117
116
118
119
117
117
116
117
117
117
115
117
115
117
117
115
117
115
117
117
116
116
115
116
117
116
116
115
117
114
115
117
115
117
117
117
116
113
117
116
117
116
117
115
115
117
117
114
116
114
116
116
117
115
117
115
117
115
116
117
116
114
115
113
115
117
116
115
116
115
117
116
115
115
116
115
114
115
115
117
116
117
116
116
115
114
116
115
116
117
116
116
116
116
117
115
116
116
115
117
115
115
114
114
115
115
115
117
114
117
115
116
116
114
117
116
115
114
114
115
116
115
113
115
115
115
116
116
117
113
114
113
115
115
113
114
116
115
115
115
116
115
116
114
115
116
114
114
116
113
114
115
113
115
115
114
116
114
115
114
115
115
113
117
115
115
115
113
116
114
114
113
114
115
116
114
115
113
113
114
114
116
114
113
114
115
116
115
114
114
114
116
114
115
113
113
116
115
114
113
116
113
113
114
113
113
114
114
114
115
113
114
116
114
114
113
114
115
114
113
114
114
114
114
113
113
114
113
115
114
114
113
113
113
115
114
114
113
115
115
113
113
113
113
113
113
114
115
113
114
114
114
115
116
113
113
115
113
113
114
113
114
114
113
113
113
111
113
114
113
113
112
111
111
114
112
114
111
111
111
113
114
113
113
114
113
114
115
114
112
114
114
113
114
112
112
114
114
114
113
114
114
115
114
112
112
114
113
113
113
113
114
113
113
114
112
112
113
111
112
114
114
114
112
112
114
114
113
111
114
115
112
111
112
112
113
113
113
115
112
111
112
114
113
113
114
113
111
113
112
112
112
113
111
113
113
112
111
113
112
115
113
113
112
112
112
114
113
114
113
113
112
112
113
113
113
112
111
112
112
111
112
112
114
114
114
114
113
112
113
114
109
112
112
113
112
113
112
113
112
110
110
112
111
111
113
113
114
111
112
112
112
111
112
113
114
110
111
112
112
112
112
112
112
112
112
111
113
112
112
112
113
111
112
112
111
111
112
112
112
112
111
110
112
113
112
112
110
113
112
109
112
112
111
112
109
112
111
112
112
112
113
111
112
113
109
110
112
113
110
112
110
113
112
113
111
111
111
113
112
112
111
111
112
112
112
112
112
110
112
110
110
111
110
110
112
110
111
110
111
111
111
112
113
111
111
111
112
112
112
112
112
111
111
112
112
114
110
111
111
112
112
111
112
113
111
112
111
112
112
112
112
112
110
112
112
110
110
111
112
112
111
110
109
111
111
111
111
112
111
110
110
112
110
112
110
111
110
110
110
112
111
112
110
111
112
111
111
110
110
111
110
110
112
112
111
112
111
112
111
113
110
111
111
110
111
111
112
109
110
111
112
111
111
111
111
110
110
112
109
112
110
111
111
110
109
111
112
110
111
110
112
112
111
111
112
110
111
112
111
111
111
110
110
110
111
110
112
111
112
111
109
110
111
111
110
110
111
110
109
112
111
110
111
109
110
108
111
109
108
108
108
110
109
110
111
111
110
111
111
109
110
109
111
109
110
109
110
109
110
110
109
110
110
109
110
110
109
110
109
111
110
111
109
108
109
111
110
108
110
110
110
110
108
111
110
108
110
111
111
111
109
111
111
110
111
111
110
111
110
108
108
110
111
111
110
111
110
111
110
109
112
109
110
110
108
110
112
111
110
110
111
109
110
110
108
110
109
110
110
111
108
109
111
109
109
111
110
111
109
110
108
110
110
110
110
109
109
110
109
111
111
108
111
109
108
110
111
110
111
109
111
111
109
110
108
108
110
109
110
111
110
109
109
109
109
108
111
111
111
110
111
111
108
108
108
111
108
111
111
110
110
110
111
109
109
109
110
111
108
109
108
111
111
108
109
110
109
112
110
109
109
108
110
109
109
108
110
111
109
111
109
110
108
109
111
110
109
110
109
109
110
110
110
108
108
110
109
109
111
109
109
111
110
110
111
109
109
108
111
110
109
108
109
109
109
111
108
108
109
108
108
109
110
109
109
109
109
111
109
109
109
109
109
109
110
109
110
108
109
109
111
110
110
110
109
109
107
110
109
110
107
110
109
110
109
108
109
110
108
109
109
109
109
110
109
108
109
109
110
107
109
109
108
108
109
108
108
110
109
109
109
108
108
109
107
109
109
109
108
108
109
110
109
108
110
109
110
109
109
108
109
110
109
110
109
110
110
108
111
108
107
111
107
107
109
109
110
108
107
108
108
110
107
108
108
108
110
109
110
110
110
109
109
107
110
108
109
109
108
110
108
110
109
109
109
108
107
109
109
110
109
110
109
109
109
109
108
107
109
109
108
107
109
108
108
108
108
109
109
109
109
109
109
108
109
107
107
108
109
106
108
109
107
109
107
107
109
107
110
109
109
107
107
110
107
106
109
106
109
107
109
107
107
109
108
109
107
109
107
108
106
109
109
109
109
109
108
108
111
107
108
109
108
107
107
109
108
108
107
109
109
107
110
106
107
109
109
108
109
108
110
107
110
107
109
107
107
109
108
109
105
107
109
109
107
109
110
108
108
107
109
109
109
110
107
106
107
110
107
107
108
107
107
107
108
107
109
108
109
110
106
109
107
107
109
110
108
107
107
108
107
107
107
108
107
108
107
108
107
108
105
109
109
106
107
109
107
107
109
109
107
108
108
110
107
109
106
107
109
107
107
107
107
107
110
105
107
109
108
110
107
109
109
108
106
108
107
109
108
107
106
105
107
108
108
107
108
108
108
108
106
108
108
107
107
108
110
108
107
107
108
110
106
107
106
107
108
109
107
107
106
107
109
108
108
107
109
109
109
108
107
106
109
107
108
108
107
107
109
107
110
106
108
107
108
108
109
110
108
110
106
106
108
105
109
107
107
108
107
109
107
109
107
107
108
108
109
110
108
107
107
107
108
107
109
109
110
107
108
107
106
107
107
109
107
107
106
107
108
107
105
107
108
107
108
109
107
107
108
107
108
109
107
108
108
106
108
108
108
108
107
108
107
107
109
107
107
107
107
108
107
107
107
107
107
105
108
107
109
109
108
108
107
108
108
108
107
107
107
108
107
107
108
106
106
108
107
108
108
108
106
107
106
108
107
107
106
105
107
107
107
107
108
108
108
107
108
107
107
109
107
107
107
107
108
108
108
107
106
107
107
105
107
107
108
108
105
107
106
108
108
109
105
107
107
106
105
108
108
108
107
106
108
107
107
106
107
108
107
105
106
108
107
107
108
107
108
108
108
108
108
106
107
109
107
108
106
106
107
108
108
106
107
109
106
108
108
107
107
107
106
107
108
106
106
108
105
106
108
106
107
106
107
108
108
106
108
107
108
108
107
106
106
106
107
108
108
106
108
109
106
106
107
108
107
107
106
108
106
108
106
107
109
108
108
105
106
106
107
106
106
108
105
106
107
106
106
107
108
107
109
106
106
107
105
106
106
106
105
105
107
105
108
108
106
105
108
108
106
106
108
105
106
106
107
106
104
108
105
108
106
108
106
107
107
106
108
105
107
107
105
106
107
106
106
106
106
105
106
106
106
108
107
106
106
105
106
108
106
107
106
107
107
106
107
107
107
106
105
108
106
106
106
108
108
105
105
105
107
109
107
106
107
108
105
108
107
108
106
106
107
106
106
106
107
105
106
108
105
106
106
107
106
107
108
106
108
106
105
106
107
104
105
106
108
106
107
106
106
107
107
108
105
107
106
108
108
106
105
108
109
105
109
107
106
107
106
108
108
108
105
104
108
109
105
106
107
106
106
104
107
106
107
106
108
105
105
107
105
106
106
107
105
106
106
106
107
106
106
106
106
105
107
106
104
106
105
106
106
106
105
107
105
106
106
108
106
106
105
105
106
106
107
105
107
105
104
108
103
105
106
105
103
107
105
106
107
106
106
106
104
107
106
104
105
106
105
105
107
107
105
107
106
106
105
107
106
107
109
106
105
107
106
105
106
106
106
106
105
107
106
105
106
106
105
106
108
106
105
106
107
106
106
105
107
104
108
105
104
106
105
106
106
103
106
106
105
105
106
106
103
104
104
106
106
104
105
106
106
106
106
106
106
106
106
106
106
104
106
106
106
105
106
105
104
107
106
103
102
106
104
105
107
105
105
104
106
106
107
105
103
105
105
105
105
107
106
106
106
106
106
106
106
107
107
105
105
107
107
104
106
106
106
105
106
103
104
104
105
106
106
106
104
104
106
104
106
105
106
105
103
105
105
105
107
105
105
107
106
106
105
107
103
105
105
106
106
106
104
104
105
106
106
107
107
104
105
105
103
104
106
105
106
103
104
106
104
107
103
105
106
106
107
106
106
106
103
104
105
106
107
103
106
107
106
106
105
104
103
107
105
105
107
106
104
105
106
105
107
106
105
106
106
104
104
106
105
107
107
106
105
106
104
103
106
104
104
107
106
106
108
104
107
105
104
105
104
103
106
105
105
108
106
103
104
104
103
107
106
103
104
105
105
104
106
105
105
105
106
107
104
106
106
104
105
106
104
103
103
107
105
104
106
104
105
104
106
105
104
104
103
106
106
102
106
105
104
106
106
106
105
105
103
106
106
105
106
105
104
106
106
104
105
105
104
106
105
106
106
104
104
106
107
103
104
106
108
106
105
104
103
105
107
107
106
106
103
106
106
104
107
105
107
104
104
104
103
104
104
105
106
107
105
103
104
105
104
104
104
104
103
104
104
107
105
106
103
104
104
106
103
105
105
104
105
105
106
104
104
104
106
106
104
105
105
106
103
104
105
105
104
103
105
104
105
104
104
104
107
104
104
103
106
105
104
105
105
106
104
106
105
105
105
104
104
105
107
105
105
105
106
103
106
106
106
104
105
104
106
102
105
106
105
105
106
104
105
102
103
102
105
102
103
105
103
105
106
104
103
103
104
106
106
105
105
107
106
104
105
104
106
104
105
105
103
104
105
105
104
104
104
105
101
103
104
106
105
107
104
105
105
104
106
105
107
104
103
104
103
105
105
102
105
102
106
106
107
104
105
104
105
104
105
105
102
104
102
103
104
105
104
104
105
105
104
107
105
104
107
104
103
103
105
106
105
104
104
105
105
104
104
103
104
103
104
106
106
104
104
105
104
103
103
104
105
104
104
105
105
107
104
105
103
106
104
106
103
103
105
104
104
101
105
105
105
104
106
105
104
105
104
104
103
104
106
104
105
106
107
102
104
105
103
103
103
105
105
104
106
103
106
104
105
104
104
105
103
102
105
105
104
105
104
