Default maxiter = 1024; set to maxiter = 4096 
358
350
356
357
351
355
357
351
352
352
351
351
352
351
356
355
350
350
356
347
352
355
349
350
345
343
348
341
339
342
335
332
334
323
318
321
308
308
309
286
287
289
259
262
260
235
232
235
205
203
201
175
178
178
161
161
162
154
154
152
149
149
146
140
141
143
139
139
139
136
137
137
105
105
107
101
101
101
97
98
97
96
96
96
94
95
93
92
93
93
92
90
91
91
91
89
89
89
90
88
89
88
88
89
89
89
87
87
89
86
86
87
85
87
87
85
85
85
85
85
85
85
85
84
85
84
89
88
87
84
84
84
85
85
84
85
84
84
84
84
84
84
84
85
84
83
84
84
84
84
84
84
84
84
84
84
84
84
84
84
84
84
84
84
83
84
84
84
84
83
84
84
84
84
84
82
84
83
82
84
83
82
84
84
82
82
82
82
82
83
83
84
83
82
84
83
82
82
83
82
82
83
82
83
83
82
82
82
82
82
82
82
84
83
82
83
82
82
82
82
82
82
83
81
82
82
82
83
82
82
82
83
82
82
82
82
82
83
82
83
82
82
83
83
82
82
83
82
82
82
82
82
82
81
82
82
82
83
81
80
80
83
82
81
83
82
83
83
82
82
83
82
82
83
82
82
83
82
82
82
81
82
83
81
82
83
82
83
83
82
82
82
81
83
83
82
82
81
81
82
83
81
81
82
82
81
83
82
82
82
82
81
82
82
83
82
81
82
82
82
82
83
82
82
82
81
80
82
82
82
82
82
82
82
82
83
82
82
83
83
82
82
82
82
82
82
81
81
82
82
81
83
82
82
81
82
80
82
82
82
82
82
82
83
82
82
82
82
82
82
80
82
82
82
83
82
81
82
82
82
81
83
80
80
82
82
83
82
81
82
82
81
81
81
82
82
83
81
81
81
81
82
83
81
81
81
80
82
81
81
80
82
81
81
83
81
81
81
81
82
82
81
81
83
81
81
82
81
82
81
81
80
81
81
83
81
80
82
81
82
82
81
80
80
81
80
82
82
82
82
81
81
83
83
82
81
81
81
82
82
81
82
81
82
80
81
82
82
82
82
82
83
82
82
82
82
83
82
81
83
81
80
82
82
80
82
81
81
82
81
80
82
81
82
82
82
82
80
81
82
82
81
82
82
81
82
80
81
80
82
81
82
82
81
80
80
82
81
81
81
80
82
81
82
82
81
82
80
83
82
81
83
81
81
82
81
80
82
81
80
81
81
82
82
82
82
82
81
81
81
80
81
81
81
82
81
82
80
81
81
82
81
80
82
81
80
82
81
82
81
81
82
80
81
82
82
83
81
82
81
82
82
83
80
82
81
81
80
81
81
80
80
81
82
81
81
80
81
81
82
82
82
82
82
81
81
81
81
82
81
81
82
81
81
80
81
82
80
81
81
81
82
80
83
81
81
82
83
81
80
82
81
82
81
81
82
81
80
81
82
82
82
81
81
80
81
82
83
82
82
82
82
82
82
81
81
80
82
82
82
82
81
80
83
82
80
81
82
82
81
81
82
81
81
82
83
82
82
81
81
82
82
82
80
81
81
82
83
80
82
81
81
82
82
81
83
81
82
82
83
81
80
82
80
82
81
82
82
82
80
80
81
80
82
82
81
82
81
81
80
81
82
81
81
80
80
81
80
80
82
81
80
81
82
82
82
81
81
82
81
81
81
82
82
83
81
81
81
81
80
81
82
82
81
80
82
81
82
80
81
80
82
81
81
82
83
81
80
81
81
81
81
81
81
81
81
82
83
81
82
83
81
81
81
81
81
82
80
82
81
81
80
81
81
81
81
81
80
81
81
82
81
81
80
83
80
80
82
82
82
81
82
81
81
82
82
81
82
82
81
80
80
80
80
82
81
82
81
81
81
82
81
81
81
81
82
81
81
81
81
83
81
82
81
81
82
81
80
80
81
80
80
81
82
81
81
81
82
83
80
80
81
80
82
81
81
80
81
81
80
81
82
82
82
81
80
81
82
81
82
81
80
82
80
82
81
80
80
83
81
82
81
81
81
82
81
82
81
81
82
82
81
81
83
80
82
81
81
80
82
82
83
81
81
81
81
81
81
81
81
82
81
81
80
81
81
82
81
82
82
82
81
82
81
81
80
81
81
82
81
80
82
83
81
80
81
81
81
81
82
82
81
80
81
81
80
80
81
80
82
81
81
80
81
81
80
81
81
82
81
82
80
82
81
81
81
81
80
81
81
82
81
81
81
81
81
80
82
81
82
82
81
81
81
80
82
81
81
82
81
81
80
81
81
81
81
82
82
82
81
80
81
81
82
81
82
82
83
81
83
81
81
82
82
80
80
81
82
80
82
81
82
83
80
82
81
80
82
82
82
82
83
80
80
81
81
81
81
81
81
82
81
81
82
80
82
82
81
80
82
81
80
82
81
82
80
82
81
82
80
81
81
81
82
82
82
80
81
81
81
81
81
81
81
80
80
81
80
80
81
81
82
81
82
80
81
81
80
81
81
82
81
81
82
81
81
80
81
81
82
81
81
82
83
81
80
81
80
81
82
81
80
81
81
81
81
80
80
82
81
82
82
81
83
82
82
82
82
81
82
82
80
80
82
80
82
81
81
82
83
81
80
81
81
80
80
81
80
81
82
82
81
81
81
82
81
80
81
82
82
82
80
80
81
82
82
81
82
81
81
81
82
81
81
80
81
80
80
81
81
82
81
81
82
81
81
82
81
81
82
81
82
82
82
81
80
81
81
83
81
80
83
81
81
80
81
82
82
81
81
82
81
81
82
81
81
81
82
80
80
81
82
80
82
81
83
82
82
80
83
81
82
82
80
81
81
81
80
81
82
80
82
81
81
81
81
82
81
81
80
83
80
80
82
81
83
81
81
82
81
81
82
81
81
80
82
81
82
81
81
81
81
82
82
82
80
82
82
81
80
83
80
82
82
80
81
81
80
83
81
81
82
82
80
82
81
82
82
81
80
80
82
81
82
82
81
80
81
82
80
82
81
82
81
80
82
83
81
81
