Default maxiter = 1024; set to maxiter = 4096 
21
21
21
39
39
40
53
51
49
57
59
60
68
68
67
76
75
76
82
85
83
88
93
90
99
96
95
101
102
102
107
107
110
107
111
109
114
108
112
111
109
115
115
113
121
119
121
118
122
122
123
118
120
121
123
121
121
119
117
125
121
125
122
126
123
119
127
124
124
122
124
121
126
127
126
130
126
123
133
126
126
127
126
131
134
126
124
125
131
123
125
129
133
130
131
125
128
135
129
126
125
131
130
128
126
129
127
124
133
132
129
131
134
131
136
129
132
130
134
135
127
136
129
133
135
133
136
132
135
133
132
134
135
133
133
128
132
132
132
132
130
132
127
132
133
131
128
136
131
136
128
133
133
131
132
136
127
131
130
132
128
130
132
132
128
132
134
134
135
135
132
133
134
132
131
137
137
139
131
137
129
133
132
132
133
137
133
135
127
131
130
132
133
133
131
133
131
131
130
131
129
132
129
130
135
131
126
129
131
137
130
129
135
136
130
135
129
130
132
130
132
132
128
131
134
129
131
134
128
129
129
134
136
129
132
130
130
127
126
126
130
128
129
126
131
134
131
136
129
140
133
134
129
138
128
137
134
129
130
134
135
132
134
127
131
134
132
138
131
132
132
130
134
124
134
130
133
131
128
128
129
131
132
130
128
127
128
130
130
131
135
130
137
137
128
129
130
133
130
134
128
131
133
131
133
126
136
132
127
127
132
128
135
132
134
131
133
131
127
127
130
140
131
131
135
133
128
131
131
127
130
128
128
139
135
128
137
127
131
125
132
131
128
128
132
122
127
123
124
127
130
125
128
126
128
128
127
124
126
127
126
126
129
128
125
125
126
123
128
130
123
125
124
128
126
125
125
125
126
130
127
125
129
124
127
126
130
127
121
126
126
127
132
123
124
121
126
128
128
124
126
128
125
125
126
127
130
125
127
123
125
123
122
128
121
122
129
125
128
121
122
122
128
122
133
130
126
125
127
128
130
128
121
124
126
121
127
122
129
123
120
124
129
127
123
127
122
125
126
125
117
124
122
125
119
124
125
124
121
121
122
126
123
124
123
123
122
127
119
123
121
121
122
120
126
126
124
120
123
124
122
121
123
126
122
123
125
122
122
122
123
125
120
123
128
119
125
125
118
118
124
117
128
123
118
120
119
120
124
121
120
124
117
121
121
128
122
115
120
118
124
118
119
119
121
123
120
124
119
120
118
126
120
118
122
125
121
122
121
128
117
123
121
121
120
117
119
119
121
124
128
120
118
117
118
123
123
124
121
127
119
120
120
125
122
118
120
122
121
115
122
114
123
117
119
119
122
117
115
121
119
118
118
117
119
117
119
118
114
116
119
118
117
116
116
120
114
121
120
113
119
114
116
118
117
115
119
122
120
115
119
117
119
116
117
118
115
119
116
118
117
115
120
118
117
117
116
116
117
123
119
113
114
117
116
116
119
118
117
118
114
114
115
117
116
112
110
112
114
122
115
116
116
117
115
117
114
121
114
116
116
112
114
113
121
115
116
113
115
111
111
115
119
112
111
119
116
116
112
113
113
114
116
112
121
112
113
115
110
114
114
116
113
112
118
114
112
116
113
116
113
112
114
112
112
112
112
113
114
112
113
116
111
112
112
114
114
110
112
111
112
113
111
111
109
109
111
110
111
110
110
113
112
110
112
110
111
115
109
109
112
112
110
113
108
109
108
109
113
112
111
110
111
110
110
112
106
112
117
111
108
112
111
112
107
108
113
111
108
107
114
110
111
106
113
110
112
109
114
110
113
107
111
110
107
111
111
109
112
109
111
111
108
109
111
112
109
113
109
109
111
108
112
114
112
108
110
108
107
112
107
107
110
107
108
107
107
108
105
107
110
107
105
106
109
110
104
107
104
107
109
106
109
110
107
107
106
108
108
110
107
109
106
111
107
109
105
108
108
105
108
112
105
109
107
105
107
106
107
107
106
106
104
106
106
110
105
106
105
105
108
106
104
105
109
108
104
105
105
104
106
106
104
106
104
107
107
107
108
106
104
108
110
106
106
107
107
105
104
103
105
104
107
107
105
105
104
105
105
106
105
105
104
105
107
104
108
103
103
104
106
103
106
103
104
103
109
104
103
102
108
104
104
106
105
108
103
102
104
104
100
102
102
103
103
104
103
103
101
100
104
102
102
102
104
101
100
104
101
103
104
104
104
103
104
101
103
106
100
105
105
101
101
105
103
100
101
105
104
100
103
101
100
104
104
100
100
100
104
104
103
102
99
103
106
103
105
101
104
99
99
99
105
98
103
101
105
98
100
99
99
97
105
102
99
103
99
99
99
99
102
101
100
100
97
101
98
101
101
100
99
100
98
100
100
98
100
101
102
100
99
98
98
101
101
98
100
98
100
98
98
98
98
97
96
97
100
98
98
99
99
97
98
98
99
98
98
98
99
95
99
96
97
97
97
98
97
97
98
96
98
100
98
100
98
99
100
95
100
102
103
98
97
98
98
97
98
100
95
97
99
98
98
100
98
97
97
97
97
97
95
98
95
96
96
95
96
95
98
95
98
98
97
98
96
98
98
99
97
98
97
100
95
96
97
95
99
95
100
99
94
98
95
98
95
94
95
98
100
95
98
99
99
96
94
95
97
100
92
96
95
94
94
98
94
95
97
95
94
98
94
95
95
95
94
95
95
96
99
94
99
99
94
98
94
97
95
95
98
94
100
95
94
94
95
98
95
97
98
96
94
95
97
95
95
95
94
95
97
95
95
94
94
94
94
97
98
95
95
95
95
96
98
94
94
95
95
94
94
94
94
94
93
96
94
95
93
94
97
95
94
98
94
94
96
94
96
94
94
94
94
96
94
95
96
94
95
96
94
94
96
94
94
100
96
96
96
95
94
95
97
95
94
97
97
97
94
93
96
96
95
96
96
97
96
95
99
96
96
95
97
92
96
98
99
96
93
96
100
96
96
96
96
96
98
96
97
96
96
96
94
98
100
96
97
97
97
98
98
100
96
98
95
96
101
99
95
97
96
96
94
102
98
95
95
95
95
98
95
98
96
95
99
94
95
95
97
95
96
95
94
95
100
94
94
97
96
97
98
97
94
94
96
96
95
97
98
94
97
97
95
96
97
96
94
94
95
97
95
95
95
94
95
95
98
94
96
100
95
95
99
96
94
94
98
95
94
96
95
94
95
96
94
94
94
96
94
101
94
96
97
94
95
94
96
97
98
96
95
97
97
96
94
96
97
95
96
96
100
94
96
94
96
98
97
96
96
95
94
97
97
97
95
94
95
97
93
98
95
98
95
95
95
93
93
93
93
95
95
94
93
94
94
92
95
93
97
93
95
95
95
98
94
94
93
95
93
95
96
94
93
94
96
96
96
96
96
95
95
92
95
95
96
94
97
95
97
96
94
96
96
98
96
96
95
96
95
94
94
96
94
95
96
95
95
96
94
95
96
96
93
95
96
95
95
95
94
95
94
93
95
95
95
95
95
95
95
96
95
95
93
97
94
92
97
98
93
96
95
96
95
96
95
95
96
95
98
97
96
94
95
94
95
94
95
94
93
97
95
96
95
93
95
96
94
97
96
93
96
97
98
95
97
98
96
95
98
96
95
95
96
95
95
97
95
96
95
95
95
94
96
95
95
96
97
93
97
95
94
97
96
94
94
94
98
96
95
94
96
96
96
94
93
97
96
95
96
96
94
94
97
94
93
96
97
95
95
94
96
96
96
97
95
94
95
94
94
94
97
93
93
92
95
94
94
95
92
95
93
94
96
94
95
95
92
94
93
92
93
93
96
95
92
94
93
94
93
92
92
95
94
94
96
94
93
94
95
94
94
93
93
93
94
92
94
95
95
94
93
96
94
95
92
92
93
94
94
93
95
92
93
93
94
94
94
93
93
94
94
94
93
93
95
94
93
93
94
94
94
93
96
96
94
95
93
94
93
94
96
95
94
94
95
92
93
94
94
94
95
94
96
95
94
98
95
94
94
94
95
95
94
95
96
97
94
94
96
94
94
94
94
96
93
94
93
93
94
95
94
95
96
97
95
94
94
94
93
95
94
94
93
94
93
93
93
93
93
93
94
94
93
94
93
92
93
95
93
94
94
93
94
94
94
93
94
95
94
93
95
96
95
94
96
94
94
94
93
94
94
94
93
95
97
96
94
95
93
94
94
96
96
95
94
95
96
96
97
95
95
97
96
96
97
96
95
95
95
96
95
96
96
95
96
95
95
96
96
97
96
96
96
95
95
96
95
95
95
95
97
95
95
97
97
95
97
95
94
94
96
95
96
96
96
96
96
94
97
96
96
96
94
94
95
96
96
96
96
95
93
96
96
96
95
96
96
95
96
96
96
94
94
95
95
96
94
96
96
96
95
95
95
96
95
96
97
95
95
95
97
95
96
96
97
96
97
97
96
97
96
97
97
96
97
96
97
97
97
98
97
98
97
97
98
98
98
96
97
96
98
97
97
97
96
95
97
98
97
97
97
96
97
98
97
97
97
97
94
97
97
95
98
97
97
97
97
97
96
96
97
97
98
97
97
98
97
96
97
97
97
97
96
97
98
97
98
98
97
96
96
94
97
97
95
95
97
96
97
97
97
98
98
98
97
96
97
96
96
97
98
94
96
97
97
94
96
98
97
97
98
97
97
97
96
97
98
94
95
98
98
97
95
97
95
97
98
98
97
96
98
98
97
98
96
95
98
97
98
98
98
95
96
98
98
98
98
98
96
99
97
96
96
96
95
95
98
96
99
96
98
98
97
96
98
97
97
98
96
98
98
96
98
97
96
98
97
97
97
100
96
98
95
97
97
98
100
97
97
95
97
95
96
100
98
98
98
96
95
95
98
96
98
97
96
97
96
95
95
97
97
95
95
98
96
97
96
95
94
96
96
97
95
97
98
95
98
97
96
98
97
95
95
98
95
97
96
95
95
97
95
97
97
99
98
96
97
99
97
99
97
99
98
96
96
98
98
98
97
98
100
99
97
98
97
97
99
98
96
97
98
100
98
102
100
100
102
98
98
98
99
102
97
102
99
102
99
102
101
101
100
99
104
100
99
100
100
100
99
98
99
100
99
99
100
102
100
100
99
98
103
101
102
99
99
101
99
101
100
99
101
102
101
99
100
101
99
101
102
103
104
102
100
104
101
101
101
101
101
101
102
101
102
103
102
102
103
101
102
101
104
101
103
104
102
103
102
101
102
102
103
101
102
102
100
103
103
102
102
103
102
100
102
105
102
106
104
103
102
106
102
104
103
102
105
104
103
106
103
102
106
102
103
104
104
103
106
103
103
104
107
103
105
105
104
106
106
106
105
104
106
103
104
103
108
105
104
105
105
106
107
104
104
104
108
105
105
109
106
108
107
106
110
105
107
106
106
105
108
108
107
107
107
105
107
107
107
107
110
107
106
108
107
107
110
109
110
107
109
110
108
110
109
108
108
110
109
108
111
112
111
111
110
111
109
111
112
111
110
109
111
111
114
110
110
113
112
112
113
113
112
112
111
111
111
111
114
112
113
112
111
113
114
112
115
115
116
116
116
115
114
114
115
116
117
115
115
116
116
115
117
115
117
116
117
115
117
116
117
117
117
118
118
118
119
119
119
120
118
120
118
119
120
120
120
120
120
119
120
119
121
120
120
120
120
121
122
122
122
122
123
124
122
123
123
122
122
123
124
124
124
124
124
125
122
124
124
124
125
125
124
125
125
125
125
125
127
126
126
126
128
127
127
128
127
126
127
127
126
129
129
126
128
129
129
129
131
129
130
130
129
130
131
131
129
130
131
131
132
132
131
132
132
132
132
132
131
134
131
133
134
136
133
134
133
135
136
135
136
134
134
136
136
135
136
137
136
135
136
137
137
137
137
138
137
139
138
138
135
140
138
140
137
139
142
139
141
140
140
143
140
140
142
141
142
142
144
142
140
142
143
145
145
143
144
144
144
144
148
144
146
145
145
146
145
145
147
145
147
146
147
147
147
148
148
146
147
147
150
150
148
151
151
147
149
151
151
151
150
153
152
150
151
152
152
151
153
150
154
154
153
152
155
151
154
155
152
153
154
153
154
154
154
153
154
157
154
158
157
158
156
155
157
156
156
155
157
158
156
156
158
156
156
157
158
155
158
158
158
158
159
159
158
158
159
159
157
160
158
160
160
162
161
160
161
162
160
161
157
161
159
161
160
162
161
163
162
162
163
163
163
163
163
163
163
163
162
163
163
163
164
162
164
164
166
163
163
164
165
164
165
164
164
167
164
166
165
166
166
166
167
168
166
168
166
167
167
166
167
166
167
167
169
167
168
169
169
168
169
168
169
167
168
169
171
169
171
169
168
170
169
171
169
170
171
170
169
169
170
169
168
168
169
170
169
169
167
170
170
170
170
168
168
171
168
170
171
170
171
170
173
170
171
170
171
171
171
171
170
174
169
173
171
172
175
170
172
171
172
172
173
172
174
172
171
174
174
172
171
174
172
172
173
174
174
172
174
172
173
174
172
173
173
173
172
172
171
173
172
171
173
173
172
172
172
173
172
172
174
173
173
172
174
172
173
174
172
174
174
174
171
172
172
173
174
173
171
174
174
173
172
173
173
173
170
173
173
173
173
173
171
175
172
173
174
175
172
172
173
172
172
176
174
172
173
172
172
173
174
172
174
173
174
174
172
174
171
172
174
173
175
171
174
174
175
175
173
174
174
174
173
174
173
174
173
175
172
175
174
172
175
174
172
173
173
172
174
174
173
173
174
172
174
176
175
174
173
174
174
175
173
174
178
175
174
175
177
173
175
174
175
175
174
175
174
174
173
175
178
177
175
176
175
175
177
176
175
178
176
175
174
176
175
177
177
176
179
178
173
176
177
177
178
174
176
177
177
178
178
181
178
180
178
178
177
176
180
175
179
180
178
179
176
177
179
182
179
179
178
180
177
179
179
182
179
180
180
178
179
180
180
182
179
179
181
181
178
184
178
179
183
183
181
179
179
181
180
182
182
183
183
182
183
185
183
183
181
181
181
183
183
184
184
183
185
184
181
183
183
184
185
184
184
187
186
184
187
183
184
184
184
187
187
182
184
184
182
185
184
181
187
189
186
186
186
184
184
187
184
187
185
184
185
184
184
186
187
185
186
188
188
186
187
187
189
189
188
187
187
187
187
189
187
185
187
188
185
187
188
185
186
185
187
185
185
187
186
185
185
189
184
187
186
184
187
187
187
187
184
185
187
185
184
185
190
187
189
189
185
187
187
187
188
188
188
190
188
189
186
187
188
189
185
186
188
185
185
185
183
183
184
185
186
184
185
185
183
186
182
183
186
182
182
184
183
185
182
181
186
184
184
183
184
183
182
184
182
183
183
182
185
179
180
179
180
178
180
177
181
179
178
178
181
177
178
181
177
180
177
178
178
176
176
177
174
176
174
175
175
176
176
176
173
175
174
176
173
172
173
173
170
171
169
172
172
170
168
171
172
168
170
171
168
169
170
168
166
168
168
165
167
166
165
167
165
163
164
162
163
162
164
163
164
161
163
163
161
160
162
160
159
160
159
161
158
158
159
160
153
156
155
155
155
155
156
152
156
155
154
155
151
153
152
154
152
152
153
153
151
153
150
149
150
150
152
147
147
148
146
149
147
147
147
148
145
147
145
144
147
146
145
144
145
143
145
143
141
142
143
142
145
144
141
142
140
141
141
141
139
140
140
141
138
139
138
139
140
139
139
137
137
137
137
137
139
137
136
137
136
137
135
135
136
134
137
135
133
137
133
135
134
134
135
135
135
133
134
132
133
133
134
132
132
134
134
132
133
133
132
131
133
132
131
131
132
132
129
128
129
130
129
130
126
129
131
128
130
127
130
130
128
128
128
130
128
129
127
128
127
128
128
126
127
127
127
128
125
125
126
126
128
126
127
126
126
128
126
126
126
125
122
126
126
125
124
124
124
123
126
125
122
123
124
124
123
124
124
123
123
123
124
122
124
125
124
123
123
123
120
123
123
124
121
122
121
123
122
123
122
121
121
120
122
120
120
121
121
122
119
121
121
122
119
118
121
121
120
120
119
121
119
118
118
120
120
120
117
118
118
120
118
118
116
118
118
118
116
117
117
116
120
116
114
118
116
118
116
118
117
117
116
119
115
117
117
117
117
114
117
116
117
117
116
115
115
117
114
116
116
116
118
115
115
115
115
117
116
116
116
115
116
112
113
115
113
115
114
114
115
114
113
115
112
112
113
112
115
114
112
114
112
114
114
114
112
112
112
114
112
112
114
110
113
114
112
113
113
112
112
113
111
114
111
112
112
112
113
112
112
112
112
111
112
113
110
112
112
109
110
109
112
109
110
111
110
112
111
110
112
111
112
110
110
110
109
112
111
111
110
111
110
110
107
110
110
110
110
109
111
109
110
110
110
112
108
109
109
110
111
111
109
110
110
107
109
108
110
109
109
107
109
107
109
108
109
107
109
109
108
108
107
107
109
109
108
109
109
107
107
108
108
108
108
109
106
108
107
106
108
106
107
107
107
108
108
107
107
107
108
107
106
104
106
107
107
106
107
107
108
108
106
106
106
105
108
105
108
109
106
106
106
108
107
107
107
106
107
108
107
106
106
106
105
106
107
107
107
104
106
108
104
107
106
107
106
106
106
104
106
107
105
108
105
104
105
107
106
105
106
106
105
105
106
103
106
106
104
104
104
104
104
104
104
105
104
103
106
103
105
104
105
104
105
106
105
104
105
105
104
104
104
104
104
104
104
104
106
103
102
103
105
104
104
103
104
104
103
102
104
104
105
103
105
103
104
103
104
105
103
104
103
104
103
102
103
102
104
104
103
103
103
104
102
104
103
103
102
105
104
102
103
103
103
103
101
103
102
103
103
103
103
103
103
101
103
101
102
104
103
103
103
101
103
101
103
103
101
103
102
102
101
103
101
103
101
101
103
102
101
101
101
101
101
100
101
103
101
102
101
101
101
101
101
102
101
102
101
102
100
101
100
100
103
99
100
101
101
101
101
101
101
101
102
100
100
100
100
101
100
101
101
99
100
101
101
101
101
100
99
101
100
100
101
100
102
101
100
100
102
101
99
100
100
100
99
100
98
101
101
100
102
100
101
99
99
100
100
100
100
100
100
99
99
99
100
100
100
101
99
100
99
100
100
100
99
99
99
98
100
99
100
99
100
100
99
100
100
99
100
99
100
100
99
100
98
100
100
100
100
100
100
97
99
99
99
97
100
100
98
98
99
99
100
100
98
100
98
100
97
100
99
96
99
98
97
98
99
97
99
100
98
99
98
97
98
98
97
98
98
97
100
97
97
98
99
96
98
98
98
97
97
96
97
100
98
98
96
99
98
99
98
100
98
98
98
97
96
98
99
98
98
96
98
96
96
96
98
98
98
96
98
98
98
96
98
97
97
96
98
96
99
97
98
98
99
95
96
95
96
96
96
99
96
95
98
96
95
96
97
97
95
96
97
96
97
97
96
97
96
96
96
96
96
95
96
95
95
96
98
95
97
96
98
96
95
96
96
96
97
95
96
96
96
96
96
96
96
96
96
95
96
94
94
95
94
96
94
94
94
96
96
95
95
94
96
94
96
93
96
95
94
95
94
96
96
94
94
96
95
95
95
95
95
96
95
94
96
95
95
96
95
96
96
93
94
93
94
94
97
94
95
95
96
94
96
95
94
93
93
94
96
95
94
94
95
93
96
93
94
94
95
94
96
95
96
93
95
94
94
94
94
93
95
95
93
93
96
95
95
94
93
95
94
94
94
95
95
95
94
95
94
94
93
94
94
94
95
95
94
94
94
93
93
95
94
95
94
93
93
93
94
95
93
93
94
93
94
94
93
94
93
93
95
95
91
93
93
94
93
93
93
95
93
93
95
93
94
93
94
93
93
94
95
94
93
93
93
93
93
93
92
93
95
93
93
93
93
92
93
93
92
93
93
93
93
93
95
94
93
93
93
92
93
93
92
93
93
94
94
93
93
94
95
93
93
94
94
93
93
95
93
93
93
94
93
93
93
92
91
92
93
93
93
91
91
93
93
93
93
91
92
93
92
91
93
93
93
94
92
92
92
93
93
93
93
93
92
91
92
93
91
93
91
94
93
95
92
92
91
93
92
93
91
93
93
93
93
93
93
91
93
93
92
92
92
92
93
92
93
92
91
94
91
93
93
91
91
93
92
92
91
93
92
92
93
91
93
93
92
92
93
91
92
93
93
92
92
91
92
93
93
92
92
91
91
92
93
93
91
91
91
92
93
93
91
91
91
92
93
92
93
92
92
91
91
91
91
93
91
90
92
90
93
93
91
92
90
91
92
90
91
91
91
91
92
91
91
91
91
91
91
93
91
91
92
91
92
90
92
90
90
90
92
91
90
92
92
92
91
91
91
91
92
90
91
91
92
92
92
91
92
91
91
91
91
92
92
91
92
90
92
91
92
91
92
90
91
90
90
90
90
91
90
90
91
91
90
92
92
91
91
90
91
90
91
91
90
90
91
90
90
91
90
90
91
91
90
91
90
90
90
90
90
90
92
90
90
90
90
90
90
90
90
91
90
90
90
91
90
90
90
90
91
90
91
90
90
91
90
90
91
90
90
90
91
91
88
90
91
90
90
88
91
90
90
91
91
90
90
88
90
91
90
90
90
89
90
90
90
90
90
92
90
91
90
90
90
90
90
90
90
90
90
90
90
90
90
90
90
88
90
90
90
90
91
90
89
89
90
90
90
90
90
89
89
90
91
89
90
89
89
90
90
90
90
90
88
90
90
89
89
90
87
91
90
88
90
89
90
90
90
90
90
90
88
88
88
90
90
88
90
90
89
90
89
90
90
90
90
89
90
88
89
90
88
89
90
90
90
88
89
90
89
90
88
90
89
88
90
88
90
90
88
87
89
90
88
87
89
88
89
88
88
88
90
90
88
90
88
90
90
89
88
88
89
89
90
90
88
89
89
89
89
89
90
90
90
89
90
88
90
89
89
89
88
90
89
89
88
88
89
89
89
89
90
88
90
88
88
89
90
89
90
90
88
89
88
88
90
88
89
89
88
87
89
88
88
89
89
88
89
89
88
88
87
89
89
89
88
90
90
88
88
90
89
87
89
88
87
88
88
87
88
88
88
88
87
89
88
89
88
88
87
87
90
89
89
89
89
88
87
88
86
90
87
87
88
89
87
89
87
87
88
87
89
88
87
88
88
88
88
88
88
87
88
88
88
88
88
88
88
87
88
87
89
88
88
87
86
87
87
87
87
88
88
88
87
87
88
87
88
88
87
87
86
88
88
88
87
87
87
87
86
87
86
87
88
87
88
87
87
87
87
89
88
87
87
87
87
87
87
89
87
88
88
88
89
87
88
88
87
87
87
86
87
88
86
86
87
86
87
87
88
87
86
86
88
86
87
89
89
86
88
87
87
88
88
87
87
88
87
88
87
88
87
87
85
87
87
87
87
86
88
88
87
88
89
87
86
87
86
88
87
87
87
87
87
87
86
87
87
87
87
86
87
86
87
87
87
87
86
87
87
87
87
86
87
86
88
87
87
88
87
86
85
87
85
87
87
87
87
87
87
86
87
86
85
87
87
87
86
87
87
87
87
87
87
87
85
87
87
87
87
87
87
86
86
86
85
86
87
86
86
87
87
87
85
85
87
87
87
86
85
87
87
85
87
86
86
87
87
85
86
87
86
86
87
87
86
87
87
87
87
86
86
86
85
86
86
86
87
85
87
85
86
85
85
86
85
86
86
85
85
87
88
86
85
86
87
85
87
86
86
87
85
87
87
85
87
86
87
86
87
86
87
87
86
85
86
87
85
87
86
87
87
86
85
84
87
86
85
85
87
85
86
86
85
87
87
85
86
86
87
87
87
86
87
87
87
87
85
87
87
86
87
85
85
85
85
85
86
87
87
85
87
87
86
87
85
84
85
87
86
86
86
85
87
86
86
85
87
86
86
85
87
87
85
85
85
84
85
84
87
84
86
87
87
85
86
85
85
85
85
87
83
84
84
87
87
87
87
85
85
86
87
86
87
84
87
87
85
84
85
85
85
86
85
85
86
85
85
86
85
86
85
86
85
86
86
85
84
86
85
86
85
85
85
85
85
84
85
87
84
86
85
85
85
86
85
85
83
85
85
83
87
86
87
85
87
86
84
85
87
83
87
84
85
87
83
85
85
86
85
83
84
85
85
86
85
86
85
85
85
85
86
84
86
85
85
86
85
86
86
87
86
85
86
85
86
83
85
85
85
85
85
85
84
85
83
84
85
84
83
85
84
85
85
84
83
85
85
83
82
85
85
85
85
84
83
85
84
85
85
83
85
86
85
85
83
85
83
86
85
83
85
86
84
83
85
85
85
86
85
84
85
85
85
85
83
83
85
85
85
84
84
85
86
83
84
83
83
85
84
83
83
83
83
84
83
85
84
84
86
83
85
84
85
84
84
83
85
85
86
84
84
85
84
85
85
85
83
84
85
84
83
83
85
84
84
84
83
85
83
83
83
84
84
84
85
85
83
83
83
83
85
83
86
84
86
83
84
85
85
85
84
83
83
85
86
83
84
84
84
86
83
83
85
83
85
83
84
85
86
85
85
84
85
83
83
85
85
85
83
85
84
85
84
82
85
84
84
83
83
85
84
84
86
85
85
84
83
85
83
84
83
83
84
85
84
83
85
83
83
85
83
84
83
83
83
85
85
85
85
83
83
85
84
83
84
85
83
83
86
83
85
83
83
84
83
85
85
86
84
82
83
86
83
84
83
83
84
83
85
85
85
85
83
83
85
84
84
84
84
83
83
83
84
82
83
85
83
83
84
85
84
83
84
83
83
83
84
83
83
83
83
83
83
83
83
83
83
85
84
82
85
84
83
83
83
83
84
83
83
83
83
83
82
83
85
83
83
83
84
83
84
85
83
83
84
83
83
83
83
83
84
82
84
84
84
83
85
83
85
83
84
83
84
83
83
85
83
82
83
82
83
83
83
85
83
85
83
85
83
83
84
83
83
83
84
83
85
82
83
83
84
86
83
83
83
83
83
84
84
83
83
83
83
83
84
84
83
83
84
84
83
83
84
83
83
83
85
83
83
83
85
83
83
83
83
83
83
83
84
84
83
84
83
82
83
83
84
83
83
84
83
83
83
84
83
83
83
83
83
83
83
83
83
84
83
82
83
85
83
83
83
83
84
83
83
83
83
83
83
82
82
84
83
83
83
83
83
84
83
83
83
83
82
83
83
83
83
83
83
83
83
83
82
83
83
83
83
83
84
83
83
82
83
83
82
83
83
83
83
84
82
83
83
83
83
82
85
83
83
83
83
84
81
82
82
83
82
83
82
82
83
84
83
83
83
83
82
83
84
83
83
83
83
82
83
84
83
82
84
83
83
83
83
83
83
83
83
84
83
83
83
82
83
83
84
83
84
83
83
82
84
84
83
83
83
83
82
82
83
83
84
81
83
83
83
82
84
82
83
83
82
83
83
83
81
83
83
83
83
83
82
83
82
82
82
81
84
82
83
82
81
83
82
83
82
81
82
83
83
82
83
82
82
83
83
83
82
83
82
82
83
82
83
84
82
83
82
82
