Default maxiter = 1024; set to maxiter = 4096 
3223
3083
3173
2778
2775
2688
2381
2244
2348
1722
1701
1713
1266
1295
1291
1104
1126
1104
977
955
958
878
902
891
782
818
786
741
738
773
715
689
709
663
658
654
630
640
615
580
606
582
578
578
587
562
561
574
553
547
542
516
497
517
516
514
514
491
489
502
462
486
496
478
483
476
471
466
476
468
476
459
456
458
452
438
450
452
439
438
438
444
439
439
437
443
409
431
437
432
423
423
421
428
426
425
418
420
415
420
419
422
412
415
417
415
410
414
415
393
414
410
404
403
408
405
410
378
400
404
405
397
395
397
400
393
397
390
394
371
395
392
391
381
375
392
387
363
395
387
387
380
389
381
383
385
387
383
379
380
379
367
371
375
380
375
375
371
378
375
379
376
366
372
372
376
347
372
372
376
371
357
370
351
363
364
365
366
365
350
367
359
365
370
347
358
362
359
344
358
359
364
364
357
354
358
355
361
360
365
361
344
358
367
340
353
357
349
353
349
352
351
349
358
354
346
351
347
345
352
352
353
339
349
347
343
349
347
348
344
348
352
347
344
346
349
347
345
345
348
349
344
345
347
343
339
326
340
337
345
337
345
346
338
346
343
344
344
317
339
347
341
343
346
339
348
341
336
340
346
347
340
336
343
342
343
345
333
336
335
335
340
334
341
339
336
330
337
328
329
343
327
323
332
341
331
330
341
338
330
333
328
343
337
332
339
335
335
335
337
342
341
337
332
327
341
330
328
334
330
340
330
341
330
316
335
339
332
320
313
328
340
334
338
340
321
334
329
334
338
334
338
339
334
327
323
339
331
333
321
318
329
330
335
330
330
339
332
331
321
326
331
321
332
313
337
326
338
333
335
329
327
333
331
316
333
318
332
315
321
329
331
333
321
325
330
335
328
329
334
329
324
336
315
318
320
322
321
315
320
314
321
318
322
319
321
319
332
332
317
332
329
318
325
335
320
329
327
315
313
315
312
318
318
319
319
320
314
319
311
317
320
315
310
312
320
315
312
323
314
311
321
318
311
314
314
321
309
316
313
310
314
316
318
312
311
306
311
313
314
310
311
318
315
310
317
324
307
307
320
310
317
311
313
313
306
320
316
319
310
318
325
307
307
312
319
320
309
306
322
308
306
321
314
312
316
315
317
311
315
317
309
316
312
314
314
312
312
312
306
313
320
315
312
313
316
313
305
309
307
306
316
314
308
313
315
315
312
316
315
308
311
312
320
310
316
317
318
311
311
315
301
317
312
311
321
319
311
312
315
300
310
311
311
309
314
308
309
308
309
309
313
303
316
304
303
307
307
312
305
295
296
299
297
309
298
296
299
294
293
309
310
294
305
292
289
287
285
280
288
281
281
281
279
274
281
279
273
278
279
271
275
266
269
269
259
262
261
265
257
254
253
252
251
253
247
248
241
226
245
243
240
242
236
237
235
227
230
222
233
214
224
230
215
219
217
208
217
208
205
210
201
210
202
202
199
197
200
195
198
193
195
194
194
188
189
191
188
189
188
186
187
188
183
183
184
178
178
180
174
178
176
172
174
175
175
174
175
169
169
172
170
169
169
167
167
165
162
163
163
161
158
164
162
162
159
156
159
159
159
158
160
155
155
156
153
156
156
153
153
154
154
153
152
147
151
154
153
151
151
152
149
151
145
148
150
145
148
149
147
148
144
144
149
143
144
145
144
141
142
144
142
145
142
140
141
143
141
143
140
140
140
140
140
140
140
138
140
139
140
140
139
138
137
135
140
137
138
136
137
135
137
134
135
136
134
135
134
138
135
134
136
133
134
133
134
132
131
135
130
135
130
134
129
133
132
134
129
132
128
129
128
129
131
129
131
128
130
129
128
128
127
129
128
125
128
130
123
129
129
129
127
125
126
128
126
127
125
127
126
124
126
122
125
123
123
123
125
123
123
123
126
121
121
122
120
122
124
121
123
121
121
121
120
123
121
120
123
121
121
121
120
120
120
121
119
120
120
119
121
121
120
121
119
118
121
121
121
118
120
119
119
120
119
119
117
119
120
117
118
117
119
118
118
117
120
117
117
116
119
116
117
120
117
116
117
119
116
118
116
118
116
116
116
117
117
118
118
117
115
116
116
115
116
117
114
116
117
115
115
115
114
114
118
112
116
115
114
113
114
114
115
116
114
115
115
114
113
116
114
113
113
112
113
115
113
113
113
114
114
113
113
113
113
113
113
113
113
113
113
113
113
113
114
111
113
113
111
112
112
113
112
113
113
111
110
111
113
111
111
111
112
112
109
110
110
113
113
111
111
112
111
113
110
108
110
111
111
112
111
109
113
111
110
108
113
110
110
108
110
108
108
111
109
111
110
110
110
112
110
108
109
111
111
110
111
109
108
111
110
110
108
110
110
110
110
107
110
108
111
110
110
110
109
110
108
108
109
108
108
108
109
108
110
109
108
108
108
109
107
108
108
108
107
109
108
108
105
108
105
105
105
108
106
108
108
108
106
109
108
108
106
108
105
107
107
105
106
106
107
108
105
106
105
108
107
106
106
106
108
107
106
108
105
108
106
107
106
106
104
105
105
103
106
108
105
107
105
105
106
105
106
103
104
105
103
107
105
104
107
105
103
104
103
103
104
105
105
104
104
105
104
107
103
105
103
103
104
103
103
103
103
103
103
102
102
103
103
104
104
103
104
103
102
103
103
106
103
104
105
103
103
105
104
102
103
103
103
103
103
103
105
104
103
103
103
102
104
103
103
103
103
103
103
103
102
103
103
105
103
101
103
102
103
103
103
103
103
103
103
102
103
103
103
103
102
101
103
103
103
104
103
102
103
103
103
103
103
103
102
103
103
103
103
103
103
103
103
103
102
102
103
102
103
103
102
103
101
101
102
102
102
103
103
103
102
101
103
104
103
101
103
103
101
103
103
103
103
102
100
102
102
103
102
102
103
103
102
103
103
103
102
103
101
101
103
102
101
100
101
102
101
102
102
101
102
103
103
101
103
101
102
101
103
103
100
103
101
100
100
103
100
102
101
101
100
100
102
99
101
100
99
100
101
100
100
101
100
102
102
101
100
100
103
100
100
100
101
101
99
100
101
100
98
98
100
100
100
100
101
100
99
98
100
101
99
101
100
101
99
101
100
99
100
99
98
99
100
100
100
98
98
99
100
100
101
98
100
100
98
101
100
98
100
98
99
99
100
99
100
101
99
98
100
97
100
100
97
98
100
100
98
97
100
97
100
97
98
101
100
98
99
98
99
98
100
97
100
98
98
98
98
98
98
98
98
99
97
97
98
99
98
97
96
99
98
98
100
98
100
98
98
98
98
98
98
98
99
99
98
98
98
98
98
98
98
97
100
98
97
98
96
98
98
98
98
98
98
98
98
98
97
98
97
97
98
98
98
97
98
98
99
97
98
97
96
97
98
100
98
97
97
96
98
98
97
98
97
97
98
97
98
96
97
97
97
98
97
97
97
98
97
96
96
98
98
98
98
96
97
96
95
98
96
97
98
95
98
96
95
96
98
98
98
96
98
98
97
95
96
98
95
97
98
97
96
98
98
97
95
97
95
95
98
97
96
95
96
95
97
95
97
97
96
96
97
96
96
96
97
95
96
97
99
95
97
97
96
98
96
95
95
97
95
95
97
97
95
96
96
95
95
96
97
95
96
96
95
96
95
95
97
95
98
95
95
98
98
94
96
95
97
95
95
98
98
96
95
96
95
97
95
97
95
95
95
96
96
95
95
95
97
96
96
97
95
94
94
95
94
94
96
93
95
95
93
95
95
96
94
96
96
95
95
95
95
96
95
95
96
95
96
95
95
95
96
95
94
95
96
97
95
96
95
95
96
96
95
94
95
97
96
95
95
95
95
96
95
95
95
95
95
95
95
95
95
95
94
94
95
95
95
95
94
95
95
96
96
96
95
96
95
96
94
96
95
95
93
94
95
95
93
95
96
95
93
95
95
94
95
96
95
94
94
94
94
94
96
94
94
95
94
93
95
94
95
93
94
93
94
94
95
95
96
95
93
94
94
94
96
93
94
94
93
94
94
94
95
94
93
93
96
93
94
95
94
92
95
93
95
93
94
93
93
93
96
93
93
95
94
94
94
95
95
95
94
96
93
93
95
95
95
92
96
94
95
94
93
93
95
93
93
93
91
93
95
94
93
94
94
94
94
94
94
94
95
95
93
95
93
94
93
94
93
94
94
93
94
95
94
95
93
94
93
93
93
93
93
94
93
94
93
93
94
93
95
94
94
95
93
92
93
95
92
93
94
93
94
93
94
94
93
95
92
94
94
93
94
95
92
92
94
93
95
94
94
94
93
93
93
92
95
92
94
93
94
93
93
92
94
92
93
92
94
93
94
94
95
92
94
93
91
91
94
93
93
93
94
93
94
94
94
93
93
93
93
94
94
92
93
93
94
91
91
94
93
93
92
93
94
93
93
93
93
94
94
91
91
92
93
91
92
93
92
94
94
92
93
93
92
93
93
92
91
94
93
93
94
94
93
92
92
94
94
92
94
93
95
93
92
92
93
91
91
93
92
93
91
94
92
92
94
91
92
91
93
92
92
94
92
92
93
94
94
92
92
92
93
94
93
93
93
92
91
94
92
93
92
92
93
92
93
93
93
92
94
93
94
91
91
92
93
93
94
93
93
93
91
91
91
93
94
91
92
91
92
92
93
94
93
92
92
92
91
91
91
91
92
93
91
90
92
92
94
92
91
94
91
92
92
92
94
94
93
91
94
91
90
92
92
93
91
92
92
92
91
92
92
92
93
92
92
93
92
93
92
92
93
92
92
92
94
93
92
92
92
93
91
92
91
93
92
94
91
92
92
91
93
94
92
92
91
93
92
91
93
92
92
92
92
91
92
92
91
92
91
92
92
93
92
91
92
91
92
93
91
91
91
92
91
91
92
90
92
92
94
90
93
91
91
92
91
92
90
91
92
91
92
91
89
92
91
93
92
91
94
92
91
92
92
91
91
91
91
91
91
91
91
92
91
93
93
92
91
92
91
92
91
89
93
90
92
91
92
90
92
90
91
92
92
92
91
93
91
92
92
92
91
92
89
92
92
93
90
91
92
93
91
92
92
91
92
92
90
89
90
90
91
89
90
90
90
92
92
92
90
91
91
90
89
91
91
90
91
92
90
91
92
90
91
90
91
90
90
91
91
90
90
91
92
91
91
91
90
91
91
92
91
91
91
93
91
92
92
91
90
92
89
88
91
92
91
92
91
89
91
91
92
91
91
91
89
91
92
92
89
92
90
91
90
90
91
91
91
91
90
90
91
92
91
90
91
91
91
89
90
89
90
89
91
91
91
92
89
91
90
91
91
90
90
91
91
92
90
92
89
89
93
91
90
90
92
90
91
88
91
90
89
90
91
91
89
89
91
88
91
90
89
91
91
91
92
89
90
92
89
92
92
89
90
92
89
91
89
91
92
91
92
88
90
91
91
91
91
89
90
92
91
91
90
89
89
88
90
88
90
92
91
91
90
89
89
89
90
90
92
90
91
90
89
94
89
90
91
90
90
89
89
88
91
90
88
89
91
90
89
92
90
90
89
90
89
90
89
91
89
91
91
89
89
90
91
92
92
89
89
89
90
91
89
90
91
91
91
90
90
90
89
90
89
89
91
90
90
89
89
89
89
89
90
92
89
91
89
89
89
89
90
88
90
91
90
92
90
90
90
89
89
90
89
89
90
91
89
90
89
88
89
89
90
90
89
89
90
90
90
90
90
91
89
91
89
89
89
89
90
89
89
90
88
89
89
89
90
89
90
90
89
89
89
90
87
90
91
89
89
90
89
89
90
90
90
90
89
89
89
90
89
90
89
90
89
90
89
89
90
89
89
89
91
89
88
91
91
91
88
87
89
89
90
88
89
89
90
90
91
90
88
89
89
90
89
91
91
90
88
90
89
89
90
89
90
87
89
90
89
89
92
89
90
90
92
89
89
89
90
89
92
89
89
91
88
89
89
90
90
91
90
89
88
91
89
89
89
89
89
88
88
88
89
90
89
89
89
90
89
89
88
88
90
88
89
88
87
88
89
90
89
90
91
90
90
89
89
89
87
88
88
89
90
89
90
88
89
89
90
89
88
90
90
90
88
89
89
88
89
88
89
90
88
90
89
89
90
87
89
89
91
89
89
88
90
88
90
89
90
87
88
91
88
88
90
87
89
90
89
90
89
89
88
89
89
87
89
87
89
89
89
89
91
88
88
88
90
89
90
89
89
89
89
89
89
90
88
89
87
89
88
89
89
89
89
88
87
88
89
89
87
87
89
87
90
88
87
88
89
90
90
89
90
89
89
89
87
87
87
88
89
90
89
91
87
89
89
90
90
89
88
87
90
89
90
88
88
90
89
90
87
90
87
90
90
90
89
87
89
90
89
89
89
89
89
89
89
87
88
88
89
91
88
87
89
87
90
89
88
89
89
89
87
88
88
88
89
91
90
89
89
90
87
89
88
89
88
87
87
87
89
90
89
87
87
88
88
89
89
87
88
90
88
87
90
89
88
89
90
88
89
87
90
90
87
90
88
89
89
88
87
87
87
87
88
88
90
88
90
88
90
88
90
87
88
89
89
89
90
90
89
88
89
89
88
87
90
88
90
89
88
89
90
87
89
86
87
87
87
87
88
87
87
89
87
87
89
87
88
87
87
87
87
90
91
89
87
89
87
87
87
86
90
88
89
89
87
87
88
90
88
88
87
88
87
87
87
89
88
89
89
87
89
89
89
87
88
87
89
87
87
89
87
87
90
87
87
87
89
87
88
87
87
87
87
89
88
88
89
87
87
88
86
88
87
88
87
88
87
87
90
89
87
88
88
89
88
87
90
89
86
87
90
87
88
87
89
90
89
87
89
90
87
87
90
87
89
87
87
87
87
87
88
89
87
89
90
87
87
87
87
89
89
87
86
89
90
87
89
88
88
89
87
86
88
87
88
89
89
88
88
87
89
87
87
87
90
89
88
87
89
87
87
90
89
88
90
88
88
87
88
88
89
87
88
87
87
88
88
88
87
89
86
87
87
90
87
86
89
87
87
87
87
88
88
90
87
89
87
87
87
89
88
86
87
89
85
86
88
87
87
89
87
88
89
87
88
87
90
89
87
89
87
87
87
86
87
87
87
87
89
86
90
87
86
87
89
86
87
87
87
87
87
86
88
88
86
89
87
87
87
87
87
88
86
88
87
87
87
89
86
88
87
87
89
87
88
87
87
86
87
90
88
89
87
89
87
87
89
87
88
87
88
88
89
88
87
87
88
88
88
87
90
87
88
89
86
89
87
88
87
87
88
87
87
87
89
87
88
88
89
87
87
88
86
87
89
88
89
87
87
88
87
87
87
87
87
87
87
88
87
88
87
87
87
87
87
87
87
88
87
86
87
87
89
90
87
87
88
87
87
87
87
88
87
87
89
86
87
87
87
85
87
89
87
87
86
87
85
87
87
87
89
87
87
87
89
88
87
87
88
88
90
86
87
88
87
87
87
88
87
87
87
88
87
87
87
88
87
88
89
90
87
87
87
86
87
87
86
87
88
87
87
87
86
87
87
87
87
87
87
87
87
85
89
85
87
87
88
89
85
87
86
87
87
87
88
87
88
87
87
87
87
87
87
85
87
87
86
87
87
89
88
87
87
86
88
87
87
85
87
89
87
88
87
86
87
86
88
87
86
86
87
87
87
88
87
88
87
87
87
87
90
89
88
88
87
87
87
86
87
86
88
86
87
87
86
87
87
87
86
85
87
87
87
88
86
88
85
87
87
87
88
87
88
87
86
88
87
87
87
86
87
87
87
87
87
87
87
86
85
87
89
87
88
87
87
87
86
87
86
87
87
87
86
89
88
86
86
87
87
87
85
88
84
87
87
87
87
87
85
87
87
86
87
87
87
87
87
89
88
85
87
86
87
87
87
87
86
87
86
87
87
87
87
85
84
85
87
86
87
86
87
87
87
86
87
88
87
85
87
86
87
87
87
87
86
89
86
86
86
87
86
86
90
87
87
86
87
87
88
87
84
87
86
88
84
87
87
86
87
87
86
88
87
87
89
87
85
87
88
87
85
87
84
87
88
86
88
87
85
85
89
88
87
86
87
87
88
86
86
87
85
87
86
87
87
87
87
85
87
87
87
89
87
88
87
86
87
87
84
88
84
87
87
87
87
90
86
88
86
87
87
87
87
87
87
87
85
86
87
88
85
85
87
87
86
86
87
87
88
85
87
87
86
87
87
87
87
87
84
87
87
87
86
87
87
87
87
87
88
86
88
84
85
87
87
87
87
87
85
85
88
85
87
85
87
87
86
86
86
87
87
87
89
85
87
84
85
87
86
85
87
86
89
87
87
86
87
85
87
87
87
86
85
87
87
84
86
87
88
87
88
87
87
85
87
85
87
86
86
87
86
86
85
87
86
87
86
85
87
87
87
87
85
87
87
87
86
88
89
87
87
86
86
86
87
87
86
87
85
87
87
85
88
87
85
85
87
85
86
86
87
85
85
86
87
87
87
84
86
85
87
85
86
85
85
87
87
85
90
85
86
87
85
87
85
87
87
87
89
87
87
87
85
85
84
86
87
85
89
88
85
85
84
87
87
87
85
87
87
86
87
87
84
85
89
87
87
86
85
85
85
86
86
85
85
87
86
85
85
87
86
87
84
87
87
86
85
84
87
85
87
87
86
86
87
87
85
87
84
87
86
87
87
86
88
85
84
85
86
89
87
85
87
85
87
86
87
87
86
86
87
84
87
88
86
85
87
84
87
86
87
87
87
87
87
87
87
87
87
87
84
84
87
85
86
87
85
85
87
87
85
86
85
87
87
87
87
87
85
85
87
85
86
87
87
87
87
87
87
87
85
87
85
85
87
87
88
87
86
85
86
88
85
87
89
87
88
86
86
86
84
85
87
87
86
87
85
87
85
87
87
84
84
87
85
86
84
86
87
87
87
88
87
85
86
85
85
86
85
87
86
87
86
85
87
85
88
84
85
85
87
86
86
87
87
85
85
85
88
85
85
84
86
87
85
84
84
87
85
87
87
87
87
88
87
88
87
84
87
88
88
84
87
87
87
87
85
86
85
86
87
86
86
86
84
86
87
87
85
86
84
85
86
87
88
87
85
87
88
86
85
85
86
85
87
86
87
86
87
87
86
86
85
84
86
87
84
87
85
87
86
87
85
87
87
86
85
84
85
87
84
87
87
84
84
87
87
86
86
86
84
87
87
85
86
85
86
87
87
87
85
85
85
87
87
87
85
87
84
85
86
85
85
85
86
87
86
87
85
84
86
87
85
85
86
86
87
84
84
84
87
87
87
85
87
87
87
87
85
87
84
87
87
87
87
87
87
85
86
85
86
85
87
85
84
87
86
85
84
87
87
87
85
85
86
87
84
85
85
83
87
87
87
85
85
86
86
87
86
84
87
87
87
84
86
85
88
88
85
87
86
86
84
84
85
86
87
84
85
87
86
87
87
87
86
87
85
86
87
87
87
86
87
85
85
85
85
86
85
87
85
87
87
85
85
87
85
87
85
87
84
87
87
85
84
85
84
85
87
87
86
88
87
85
85
85
87
84
86
83
86
87
85
85
84
87
84
85
87
86
86
87
86
86
87
84
85
88
85
84
85
86
84
85
85
84
87
86
85
85
85
87
86
84
85
87
84
85
85
85
85
84
87
85
86
87
86
85
88
85
85
87
84
84
84
87
86
84
85
87
85
85
85
86
87
85
87
85
87
85
86
85
85
86
84
88
85
87
85
85
87
87
85
85
85
85
86
87
85
85
87
85
86
86
87
84
84
86
85
87
87
85
86
87
85
87
85
87
84
85
84
87
87
86
87
84
87
84
88
85
87
84
87
83
87
85
85
87
86
84
87
87
86
85
87
84
85
84
85
85
87
87
87
84
86
85
86
85
84
87
85
86
85
85
87
87
84
85
86
87
87
85
85
83
88
85
84
84
86
85
84
84
84
85
84
86
86
87
87
85
86
87
85
85
84
85
85
85
85
85
87
85
85
85
87
85
87
86
85
87
84
87
85
87
85
85
85
85
85
87
85
85
85
86
85
85
83
85
84
85
84
85
87
84
86
87
85
85
84
86
86
84
86
86
86
85
87
84
84
87
87
85
84
85
86
84
86
85
86
87
84
84
84
85
87
86
85
85
84
87
85
87
84
85
86
85
85
86
85
84
86
85
86
84
84
85
84
84
85
86
87
84
85
87
86
84
86
85
85
85
85
84
85
85
85
87
87
86
84
84
85
85
84
85
88
85
87
85
85
85
85
87
85
83
87
84
86
85
85
85
84
85
85
85
84
84
85
84
84
84
87
87
86
86
84
86
85
85
86
87
85
84
85
85
85
85
86
85
85
85
84
85
84
86
84
85
86
86
84
84
84
87
84
86
84
85
84
85
84
86
85
87
85
85
87
85
85
87
85
85
86
84
83
87
85
86
84
85
86
85
86
85
84
85
84
85
86
87
84
85
84
85
84
87
85
87
84
85
84
85
84
84
86
85
87
84
83
85
85
84
84
85
86
85
86
87
84
85
84
86
84
86
85
84
85
85
84
84
85
84
84
85
87
87
87
84
86
85
85
85
85
85
87
84
86
85
84
84
85
84
84
85
88
85
84
85
85
84
86
85
83
86
85
85
85
85
85
86
87
84
84
85
84
84
87
86
85
84
85
87
87
85
85
87
85
85
87
84
86
83
85
85
85
87
85
87
85
86
84
84
84
85
87
84
85
86
86
87
86
85
84
84
87
87
84
84
84
85
85
85
85
85
86
85
86
84
85
86
84
84
85
87
84
85
87
84
85
85
85
85
85
85
85
86
87
85
85
85
85
85
84
87
85
87
86
84
85
84
88
85
84
85
85
85
84
84
84
87
85
84
85
86
86
85
85
85
86
85
85
84
85
87
84
87
84
85
85
85
85
86
85
86
86
86
86
86
86
84
86
84
84
86
87
87
87
87
85
84
84
87
86
87
84
87
84
84
84
85
85
87
85
85
85
85
84
85
86
85
84
84
85
87
86
84
85
85
85
85
86
87
84
84
85
85
85
85
87
85
85
85
85
84
83
87
85
86
85
84
84
85
86
85
83
85
84
86
84
84
86
83
85
85
85
84
87
86
85
85
84
85
85
84
84
86
87
84
86
84
85
84
84
87
85
83
85
87
85
84
85
86
85
85
85
88
87
87
85
84
85
85
85
84
84
84
86
84
87
85
83
85
87
86
85
86
84
84
85
87
84
85
85
86
85
84
84
85
87
83
85
84
85
85
87
86
85
87
85
85
86
83
85
85
85
86
85
85
84
85
85
84
85
86
85
85
85
84
85
84
84
84
86
86
86
84
84
86
85
85
85
84
85
84
84
85
84
85
86
87
85
85
87
84
85
85
85
85
84
85
84
85
84
87
87
84
84
87
85
85
85
84
86
84
87
84
85
86
84
84
85
85
84
85
85
84
85
84
84
84
85
85
84
84
84
85
87
85
85
85
85
85
85
86
85
83
87
87
85
85
87
85
84
85
83
87
85
86
84
87
85
86
84
84
85
84
86
84
85
84
84
87
84
86
87
87
86
83
84
86
84
84
83
87
86
84
85
84
84
85
85
86
86
86
86
87
85
83
84
85
84
87
85
83
85
85
85
85
84
84
83
86
84
85
84
85
84
84
85
88
85
84
85
87
85
84
84
84
85
85
83
85
84
84
85
84
86
85
85
84
83
84
85
85
84
85
88
85
84
85
86
85
87
82
84
86
85
83
85
86
84
87
85
88
84
88
85
84
85
85
85
86
86
85
85
87
85
83
85
84
85
87
84
84
85
85
85
85
85
85
85
86
86
85
85
84
86
84
85
87
84
85
85
83
83
86
85
84
85
87
85
86
83
85
84
84
86
84
85
85
85
85
85
85
87
87
85
85
83
86
84
86
85
87
86
84
85
84
84
86
83
85
85
85
86
85
83
84
86
86
85
84
85
86
86
85
87
87
85
85
85
83
85
84
84
86
85
84
87
85
87
86
85
83
87
83
86
85
87
85
84
85
85
85
87
85
84
83
87
87
85
84
85
85
84
85
84
85
85
85
87
84
85
85
86
85
84
85
86
85
84
87
85
86
85
84
85
84
86
84
85
84
85
85
84
83
86
86
86
85
84
86
85
86
85
84
84
85
84
83
84
85
85
85
85
84
86
85
85
85
85
85
84
85
87
84
85
84
85
85
85
86
84
84
85
85
85
85
84
83
84
85
86
86
86
86
85
85
83
86
85
85
87
84
84
85
85
84
84
87
84
84
86
87
84
84
85
84
84
83
84
86
85
84
85
84
85
85
85
85
85
84
84
85
84
83
84
87
84
84
86
84
84
85
85
85
86
85
85
85
85
86
84
85
87
85
84
85
85
84
83
84
86
85
87
85
84
85
85
85
83
86
85
86
85
86
85
85
84
85
86
86
86
84
85
86
84
84
83
83
85
84
84
85
84
84
85
85
84
86
84
84
85
84
86
84
85
86
84
85
85
84
85
85
85
85
83
84
84
84
84
85
85
85
84
86
84
84
85
85
85
83
83
84
85
84
86
87
84
87
85
84
84
85
85
85
83
85
85
85
83
85
85
85
84
84
86
84
83
85
85
84
85
83
84
82
85
85
84
85
84
84
84
85
84
84
84
87
84
85
84
84
84
88
85
85
85
84
84
83
84
84
84
86
85
85
84
84
87
85
85
84
87
84
86
85
84
85
86
87
83
85
82
85
85
85
84
86
84
85
85
85
85
85
85
83
84
83
85
84
85
84
83
88
87
84
85
87
84
85
86
86
84
84
85
84
84
84
85
84
84
85
85
87
85
83
84
86
84
86
83
84
83
85
87
84
85
85
87
85
84
87
85
85
85
84
84
84
85
87
83
84
83
83
86
86
84
87
83
84
83
84
85
85
85
87
86
86
84
87
84
85
84
84
84
84
85
85
85
85
85
85
85
85
83
84
85
84
86
85
85
87
85
84
85
85
88
86
86
84
84
85
85
84
83
85
84
84
85
83
86
85
84
87
85
84
83
85
84
84
85
85
84
88
85
84
85
85
82
84
84
85
85
83
84
84
83
84
85
85
83
83
83
83
85
85
85
86
86
85
87
86
85
84
85
85
85
84
85
86
84
85
84
84
85
84
83
87
85
85
85
87
85
87
83
85
86
84
85
84
84
84
84
83
85
85
84
84
83
84
83
83
85
82
85
84
84
85
86
84
84
85
83
85
85
85
84
85
84
84
85
83
85
83
85
85
87
83
85
83
87
83
84
84
84
83
83
85
84
85
83
85
83
85
85
84
84
85
84
84
84
86
85
85
85
85
84
85
84
85
83
83
84
84
84
84
84
85
85
85
84
83
84
84
84
84
85
83
85
86
84
84
84
85
84
83
84
84
84
84
83
84
84
85
85
85
85
83
86
84
84
85
85
85
85
83
84
84
83
85
87
85
84
83
86
84
84
86
84
84
84
85
84
84
86
83
85
85
83
85
84
85
84
84
84
82
83
84
86
85
85
84
83
85
85
85
87
84
84
85
84
84
84
85
86
83
84
84
85
84
85
83
84
