Default maxiter = 1024; set to maxiter = 4096 
2152
2346
2270
2148
2330
2262
2097
2260
2228
1899
1996
2015
1605
1679
1656
1294
1392
1383
718
731
734
642
642
663
555
552
542
417
402
424
289
290
289
214
223
215
179
185
175
156
157
148
142
143
136
129
131
125
122
122
117
113
111
108
106
107
105
101
100
98
95
96
93
91
91
89
85
87
86
81
81
82
78
78
79
74
75
75
70
70
69
64
65
65
61
61
61
59
60
60
58
58
58
57
57
57
56
57
57
57
57
57
56
57
56
56
57
57
56
57
57
56
56
57
56
57
57
55
57
56
56
56
56
56
57
56
56
57
56
57
57
57
56
56
57
56
57
57
56
57
57
56
57
56
56
56
57
56
57
56
55
57
56
56
57
56
56
57
57
56
57
56
56
57
57
56
56
56
56
57
56
56
57
56
55
57
57
57
56
56
56
57
56
56
56
56
56
57
57
56
57
56
56
57
55
56
57
56
55
57
56
56
57
56
56
57
57
57
57
57
56
57
56
56
57
56
56
57
56
56
56
57
56
57
56
56
56
57
56
57
57
56
57
57
56
57
57
56
56
56
56
57
57
55
57
56
56
57
56
56
57
56
56
57
56
56
57
57
56
56
56
56
57
56
56
57
57
56
57
57
56
57
57
56
57
57
56
57
56
56
57
55
56
57
56
56
57
56
56
57
56
56
57
57
56
57
56
55
57
56
56
57
57
56
57
57
56
57
57
56
57
56
57
57
56
56
56
56
56
57
57
56
57
57
55
57
57
56
56
56
56
57
56
56
57
57
56
57
56
56
57
57
56
57
56
56
57
56
56
57
56
56
57
57
56
57
56
56
56
56
56
57
57
55
56
57
56
57
57
56
57
57
56
57
57
56
57
56
56
56
57
56
56
57
57
57
56
56
57
56
57
57
56
56
57
57
56
57
57
56
57
56
55
57
56
56
57
56
56
57
56
56
56
56
56
57
57
56
57
56
56
56
57
56
57
57
56
57
56
57
57
56
56
57
56
56
57
57
56
57
57
56
56
56
57
57
57
56
57
57
56
57
57
56
57
56
56
56
57
56
57
57
56
56
56
56
56
57
56
57
57
56
57
57
56
57
57
55
57
56
56
57
56
56
57
56
56
57
56
56
57
56
56
57
56
56
57
56
56
57
56
56
57
56
56
57
57
57
57
56
56
57
55
56
57
56
56
57
57
56
57
56
56
57
57
56
57
57
56
57
56
56
57
56
56
56
57
56
57
56
56
57
57
56
56
57
56
57
56
56
57
56
56
57
57
56
57
56
56
57
57
56
56
55
56
57
57
56
57
56
56
57
57
56
57
57
56
57
56
56
57
57
57
57
57
56
57
57
56
57
55
56
56
56
55
57
56
56
57
55
56
57
56
56
57
57
56
57
57
55
57
57
56
56
56
56
57
56
56
57
57
56
57
56
56
57
56
56
57
57
56
57
56
56
57
56
56
57
56
56
57
56
56
57
55
55
57
57
56
57
57
56
56
57
55
57
57
56
57
56
55
56
56
56
57
56
56
57
55
56
57
57
56
57
57
56
56
57
56
56
56
56
57
57
56
56
56
56
57
56
56
57
56
55
57
55
57
57
57
56
56
57
55
57
57
56
57
57
55
57
56
56
57
57
56
57
57
56
57
55
56
57
56
56
57
56
56
57
57
55
57
56
56
57
55
56
56
56
56
57
56
56
57
55
57
57
56
56
56
56
56
57
57
56
56
56
56
57
56
55
57
55
56
57
56
56
57
56
56
57
56
56
57
57
56
57
56
56
57
57
56
57
56
56
57
56
56
56
56
56
57
56
56
57
57
56
57
57
55
57
56
56
56
56
56
57
56
56
57
56
56
57
55
56
57
56
56
57
57
56
57
57
56
57
55
56
57
57
56
57
56
56
57
56
56
57
57
56
57
56
57
57
56
56
57
56
56
57
56
56
57
56
57
57
56
56
57
57
56
57
56
56
56
57
56
56
56
56
57
56
56
56
55
55
56
57
56
57
57
56
57
57
56
57
56
55
56
57
55
57
56
56
57
57
56
57
56
56
57
57
56
57
57
56
56
57
56
56
57
56
56
56
56
57
57
55
57
56
56
56
56
56
57
57
56
57
56
56
57
57
56
57
55
56
57
57
56
57
55
56
57
56
56
57
57
56
57
57
56
56
57
56
57
56
56
57
55
55
57
56
55
57
57
56
56
56
56
56
55
56
57
55
56
57
56
56
57
55
56
57
56
56
57
56
56
57
56
56
57
57
56
56
56
56
57
57
56
57
57
56
57
56
56
57
56
56
57
57
56
57
57
56
56
56
55
56
57
55
57
56
56
57
56
56
57
55
56
57
56
57
57
57
56
57
56
56
57
57
56
56
56
56
57
57
56
57
57
56
57
57
55
57
55
56
57
56
56
57
56
56
57
56
56
57
56
55
57
56
56
57
57
57
57
57
56
57
57
56
57
57
56
57
56
56
57
56
56
57
56
56
56
56
56
57
56
