Default maxiter = 1024; set to maxiter = 4096 
287
291
288
303
306
311
324
324
324
328
334
335
344
344
343
352
347
352
349
352
352
346
355
349
347
353
351
358
352
352
351
346
354
349
349
352
354
356
355
351
354
354
354
363
356
344
349
344
334
334
332
321
310
319
310
294
308
296
296
301
281
278
279
279
267
277
264
255
262
254
258
250
251
254
249
246
245
244
240
242
241
237
236
240
227
233
232
226
227
231
225
228
230
221
224
224
218
224
222
218
219
215
216
218
207
214
207
213
210
213
203
214
209
206
205
203
205
206
209
205
206
204
197
200
202
206
201
203
200
201
202
202
200
200
202
202
199
200
193
194
200
198
198
197
192
191
192
197
195
196
196
193
190
188
193
185
191
192
183
192
192
196
186
193
192
190
195
190
181
188
189
190
179
189
180
183
183
178
180
180
178
176
183
181
184
178
182
180
173
180
178
182
179
179
181
174
177
180
178
175
177
180
179
177
178
172
179
178
176
176
175
168
170
176
169
170
177
164
171
176
173
169
174
171
171
173
172
174
173
166
173
172
164
175
164
171
171
169
172
164
167
169
173
161
170
165
164
162
169
170
167
162
161
159
166
164
161
169
167
167
161
164
165
169
165
165
157
166
169
170
170
164
168
169
166
166
164
168
164
162
169
157
164
166
165
162
165
163
163
164
159
161
164
164
166
163
162
164
158
162
157
166
164
161
163
164
164
164
157
163
164
162
157
163
161
161
157
160
162
162
160
156
158
162
160
160
161
164
154
156
161
158
155
157
151
158
163
160
157
159
159
160
155
156
156
152
161
159
152
151
158
159
158
154
159
154
157
159
158
157
160
157
160
158
156
157
157
157
157
159
159
161
156
157
156
153
157
158
158
160
157
158
148
152
157
157
158
150
156
155
155
158
158
157
156
155
157
156
157
154
158
160
151
159
157
150
158
153
156
156
153
158
156
151
157
155
156
154
156
156
155
151
159
152
154
154
153
157
153
153
158
153
154
152
161
158
154
154
155
147
159
156
157
152
155
153
155
157
157
152
155
155
156
154
158
154
156
155
156
152
155
152
154
157
152
156
154
154
153
155
154
154
152
157
152
151
154
155
153
152
153
151
154
153
153
157
153
155
155
154
153
156
154
155
155
158
154
156
155
158
155
155
156
157
156
158
157
156
157
159
157
153
155
157
157
156
156
160
157
158
156
160
158
159
158
161
160
160
159
160
160
159
157
160
159
157
160
156
164
160
159
159
159
164
159
161
156
158
159
164
163
162
163
163
159
158
160
162
162
164
156
159
160
161
162
159
162
158
159
164
157
157
159
158
159
166
161
165
157
164
158
160
157
159
165
157
161
160
164
163
156
163
161
162
157
164
160
162
160
162
159
160
164
160
159
159
164
163
163
166
164
164
160
162
157
162
166
165
158
164
159
168
163
164
160
163
163
162
159
160
167
164
159
162
159
156
163
168
163
166
159
162
162
160
159
163
161
160
167
161
161
163
164
168
159
166
161
165
160
164
162
163
158
164
164
160
161
160
165
156
163
165
166
160
161
162
160
164
166
164
160
164
163
166
164
164
159
162
161
164
164
164
164
167
162
160
160
160
164
160
160
166
163
158
160
161
167
161
162
161
162
166
159
161
163
158
161
164
156
158
159
163
165
163
164
164
164
160
158
165
164
161
160
162
164
155
159
159
160
163
164
159
157
165
163
159
163
158
163
158
165
163
164
161
162
162
156
165
164
160
163
165
163
157
160
162
164
156
156
165
159
160
163
164
156
162
164
157
163
160
163
160
162
158
163
164
158
164
163
166
165
164
158
162
159
163
164
163
158
165
162
162
163
162
160
159
158
154
163
165
162
162
155
163
158
162
159
159
162
163
162
163
163
163
163
161
158
164
161
157
156
160
163
160
159
156
160
160
163
159
161
156
162
161
159
161
152
161
163
163
160
159
159
162
161
159
153
161
160
159
158
154
162
159
160
163
154
162
162
157
153
162
162
159
160
152
159
156
154
163
158
159
159
156
161
162
156
160
160
159
156
159
161
156
161
156
160
152
154
155
157
154
152
161
160
153
158
153
156
153
157
159
160
154
158
161
161
160
155
155
154
153
159
160
160
159
153
157
156
151
158
160
160
155
158
153
157
158
160
158
151
156
157
159
156
154
156
159
157
151
156
159
156
157
157
152
158
151
150
150
159
156
156
152
160
157
152
158
158
157
155
153
154
151
158
158
159
159
155
156
158
156
160
161
158
158
153
161
155
159
155
159
153
154
158
154
156
157
146
160
157
156
154
151
154
158
158
154
159
152
153
156
157
158
151
158
157
153
156
153
156
155
157
156
161
155
159
153
151
157
155
161
153
158
159
159
152
159
156
151
153
153
150
157
159
158
151
160
152
151
154
158
155
152
158
157
160
156
152
161
153
158
154
158
158
160
154
159
159
157
159
161
159
162
159
153
153
151
161
161
159
159
158
158
160
160
154
161
156
156
157
160
157
160
160
157
156
157
151
153
158
151
150
153
157
159
155
161
156
159
161
161
159
152
159
159
152
161
152
161
155
158
157
159
162
156
156
156
158
153
155
158
163
155
156
159
161
160
158
158
158
151
154
156
160
158
151
158
159
153
158
153
156
155
159
152
155
153
156
158
151
147
157
156
154
159
154
154
151
150
156
149
150
153
152
156
155
151
152
156
156
154
156
153
154
157
154
151
156
149
153
155
154
150
154
149
151
148
151
150
152
151
149
149
149
155
152
154
149
152
156
157
156
155
153
156
158
155
152
155
154
150
151
152
152
157
156
149
157
156
154
150
155
161
151
158
156
158
158
153
154
151
154
157
157
159
157
151
157
153
151
159
154
156
153
159
156
152
152
153
156
152
154
158
155
158
158
149
151
154
149
154
151
155
159
156
149
152
155
152
151
154
154
153
156
151
151
150
152
154
152
155
156
150
154
153
149
153
149
153
152
151
157
149
153
155
155
153
150
155
156
158
155
156
156
149
156
155
152
149
152
157
153
150
154
149
149
153
155
153
149
153
153
154
155
152
154
155
155
154
151
150
153
156
157
154
149
150
151
156
150
155
147
149
149
149
146
151
152
151
148
153
153
149
153
149
154
148
151
149
153
157
155
152
149
151
156
149
156
156
155
149
149
155
155
156
151
151
147
149
155
156
149
153
152
151
149
155
154
149
157
152
148
153
148
151
154
149
151
153
148
153
153
152
153
155
146
151
150
156
150
151
152
147
153
154
149
147
149
151
149
151
147
151
149
148
152
149
152
146
146
149
148
147
152
148
149
149
143
150
146
147
152
149
145
149
147
151
149
148
144
145
144
147
150
150
149
149
149
153
146
146
151
151
149
151
152
149
149
149
149
147
150
151
147
153
151
151
149
153
152
149
149
149
151
151
153
156
148
154
150
154
149
153
153
153
154
153
158
155
153
154
157
155
155
156
158
157
160
155
155
155
150
160
161
160
160
160
160
156
161
158
163
161
160
157
160
162
161
162
160
165
161
160
162
160
158
158
158
158
158
157
159
160
158
155
155
154
157
156
152
152
156
154
154
153
154
149
149
149
149
153
151
151
147
146
148
148
149
149
148
148
147
149
153
151
150
148
148
152
151
156
145
150
147
149
149
153
150
152
152
155
153
151
154
153
154
153
156
156
152
157
158
158
159
157
159
160
160
158
157
160
161
163
163
160
161
161
161
152
157
160
158
159
157
156
157
160
159
159
156
157
158
158
156
158
146
155
149
155
158
158
154
152
156
152
155
156
156
154
155
153
151
152
149
154
155
155
152
152
151
156
153
153
153
153
156
152
155
154
152
150
150
152
152
152
151
153
156
156
157
154
155
155
156
156
153
153
156
152
155
158
153
153
155
150
157
153
152
153
154
148
156
156
157
156
156
155
152
156
155
154
157
156
158
157
153
154
159
156
156
155
156
156
156
156
156
156
150
156
155
158
156
157
155
154
156
157
154
153
154
153
154
154
155
154
155
150
157
156
154
155
155
155
156
157
160
157
156
160
158
159
161
157
158
155
158
158
158
156
157
156
156
156
158
154
156
153
156
155
156
157
156
153
156
155
154
157
154
152
153
153
153
156
155
154
152
151
153
150
150
153
151
152
149
153
152
154
149
151
152
155
154
157
152
158
155
155
155
156
157
155
156
158
156
157
158
154
157
158
159
158
158
158
160
160
160
156
160
163
160
161
158
162
162
160
161
161
161
160
160
162
159
162
162
164
161
163
162
162
166
162
168
167
164
166
166
164
166
165
164
167
164
164
165
167
167
160
167
164
168
167
161
165
159
165
161
168
165
165
162
163
165
158
159
162
155
162
155
161
162
160
164
162
164
161
163
165
159
163
160
162
160
163
162
151
165
164
164
165
166
162
166
165
166
164
167
163
166
166
167
164
165
169
167
166
166
164
166
166
167
167
165
167
162
165
167
166
164
165
160
165
164
167
165
164
163
163
162
162
168
171
167
166
164
164
162
163
163
160
158
159
160
159
163
159
160
161
160
163
158
157
158
158
160
162
164
164
163
167
166
166
167
167
167
169
171
163
162
164
168
167
167
167
172
162
174
170
168
172
172
176
176
178
178
172
178
176
181
177
176
177
176
174
175
176
175
178
181
178
181
176
172
176
176
175
174
177
174
176
173
174
174
171
174
178
168
172
172
171
166
176
174
176
172
177
169
171
176
170
168
165
167
162
162
161
156
155
158
150
148
150
139
143
143
132
132
131
122
124
125
117
115
120
110
111
109
104
103
103
97
98
98
93
91
89
84
85
84
81
81
81
78
78
81
74
74
76
72
74
71
69
70
71
69
69
68
68
67
66
67
66
66
64
64
65
65
64
65
65
65
65
63
64
63
63
64
64
64
63
63
65
64
63
63
64
63
63
63
62
62
63
62
62
62
62
63
61
64
65
61
63
62
65
63
63
63
63
62
62
63
62
63
62
63
62
64
61
62
61
63
63
64
61
61
61
63
63
61
63
63
63
62
63
64
62
63
61
61
63
63
63
62
61
61
61
61
63
61
61
62
63
63
61
63
61
62
61
61
63
61
61
61
63
62
63
63
62
61
61
61
62
61
61
61
61
61
62
61
64
61
61
61
62
62
61
61
61
61
61
61
61
61
62
61
63
61
62
62
61
60
61
61
61
61
61
61
61
62
63
61
61
61
61
61
61
61
61
61
61
61
61
61
61
61
61
61
61
61
61
61
61
61
61
60
61
61
61
61
60
61
61
61
61
61
61
61
60
61
61
62
61
61
61
61
61
61
61
61
60
60
61
61
61
61
61
61
61
61
61
61
60
61
61
61
61
61
61
61
61
61
61
62
61
61
61
61
60
60
61
60
61
61
60
61
61
61
61
61
60
60
60
60
61
60
60
60
61
61
60
60
61
61
61
61
60
60
60
60
61
60
61
59
61
61
61
60
60
60
61
61
60
61
61
60
60
60
61
61
61
60
60
60
60
61
60
61
60
60
61
60
61
61
59
61
60
60
61
60
61
61
61
61
61
61
61
60
60
60
60
60
60
60
60
59
59
60
61
61
60
60
60
60
60
60
60
59
59
60
60
61
60
60
60
60
60
60
60
60
60
60
60
61
60
60
59
60
61
60
60
60
60
60
60
61
60
59
61
59
60
60
60
60
60
59
60
60
60
60
61
60
60
61
61
60
61
61
61
60
60
60
60
60
59
60
60
59
60
60
61
60
60
59
60
61
61
60
61
59
60
60
60
60
60
60
60
60
60
61
60
60
60
59
60
60
59
60
60
60
60
60
61
60
59
60
60
60
59
61
60
60
60
59
60
60
60
60
60
60
59
60
60
60
60
60
60
60
60
60
60
60
60
60
60
60
60
60
59
61
59
60
61
60
59
60
60
60
59
60
60
59
61
60
59
60
61
60
60
60
60
59
60
61
59
59
61
60
60
59
60
60
61
60
60
59
60
59
60
61
60
59
61
61
60
59
60
59
60
58
60
60
60
60
60
59
61
60
60
60
60
60
58
60
60
60
60
60
60
60
59
60
60
59
60
60
60
59
60
60
59
60
60
59
60
60
60
60
59
59
60
60
59
60
60
60
60
60
59
60
60
59
59
59
60
60
59
60
60
60
60
59
60
59
60
60
59
60
60
57
60
60
60
59
60
60
59
59
60
60
58
60
59
60
59
60
59
60
59
59
59
60
59
59
60
60
60
59
59
60
60
60
60
60
59
59
59
60
60
59
59
59
59
60
59
60
60
60
60
60
60
58
60
60
60
60
60
58
60
59
60
60
59
60
60
60
60
60
59
60
59
60
60
58
60
60
59
59
59
60
59
59
60
60
60
59
60
60
59
59
59
60
60
59
58
59
60
59
60
60
59
60
59
60
60
60
60
59
60
60
60
60
59
60
59
60
60
59
60
60
60
60
60
60
60
60
59
59
59
60
60
60
60
60
60
60
59
59
60
60
60
59
60
60
60
59
59
59
60
60
59
59
60
59
60
59
60
59
60
59
60
58
60
60
59
60
60
60
59
60
59
60
60
59
58
60
60
58
60
59
60
58
60
60
58
59
59
60
60
59
60
59
59
59
60
58
59
59
60
60
59
60
60
59
60
59
59
60
59
60
59
59
58
60
59
59
61
60
59
59
58
58
60
59
60
60
59
60
60
59
60
60
60
60
60
60
60
60
60
60
59
60
59
60
60
60
58
59
58
60
59
60
59
60
59
60
61
58
59
60
60
60
59
60
60
59
60
60
59
60
59
59
60
57
60
57
59
59
60
59
60
59
59
60
60
60
60
60
59
59
59
