Default maxiter = 1024; set to maxiter = 4096 
15
15
15
52
50
53
76
80
75
98
95
98
109
109
111
120
117
117
126
130
131
135
136
134
137
137
138
140
144
143
140
147
139
141
140
147
140
145
141
142
141
148
142
139
145
144
140
142
142
146
144
144
148
145
148
145
147
147
143
144
139
144
144
143
146
139
143
141
142
141
138
142
142
140
143
142
144
141
141
138
137
136
139
143
138
137
136
138
140
138
143
138
135
136
135
135
134
135
133
135
136
134
130
132
133
137
133
134
133
133
133
130
133
133
129
134
128
132
128
132
131
131
130
128
129
128
129
128
131
129
131
130
129
129
130
127
126
128
131
128
128
131
129
128
124
125
131
127
129
125
129
128
125
126
124
127
129
129
124
122
123
125
126
121
122
129
126
129
122
127
121
122
126
125
122
119
124
119
124
120
126
129
119
120
126
123
121
123
116
119
116
119
119
120
118
122
117
119
119
120
118
118
118
120
115
118
120
117
118
115
116
115
118
113
113
115
114
116
117
110
113
114
114
113
114
112
112
111
110
112
110
110
112
110
110
115
111
109
113
109
109
110
109
111
110
108
110
108
107
108
109
110
109
112
106
108
112
114
107
108
108
111
113
107
108
109
108
110
110
107
106
109
107
111
106
109
108
107
111
107
107
106
107
111
110
111
109
108
109
109
109
110
108
110
110
109
106
106
108
106
110
107
108
110
104
110
109
109
111
106
108
109
107
108
109
105
106
106
106
107
107
105
107
104
108
106
109
103
105
103
105
103
101
102
105
100
103
103
105
106
100
105
104
101
101
102
104
102
103
104
103
105
104
104
102
103
105
103
101
99
100
103
100
100
99
103
98
99
101
99
97
102
96
98
98
99
102
101
98
101
96
98
97
98
96
98
100
98
98
98
99
95
98
95
93
100
97
98
99
98
98
96
94
95
96
95
94
95
95
95
97
94
95
94
94
95
95
94
98
99
94
95
94
94
94
92
96
91
92
95
94
93
90
92
94
93
92
92
93
92
92
95
91
90
91
93
93
92
89
91
91
89
92
90
91
89
90
89
90
90
91
90
90
90
91
89
87
88
86
87
89
87
88
88
89
88
88
89
87
89
89
88
87
88
87
88
86
86
85
88
87
87
87
85
89
86
86
88
86
87
88
85
85
85
86
88
85
85
85
86
86
87
87
82
84
84
83
83
86
85
86
84
87
86
85
82
85
84
85
84
84
84
85
83
83
85
83
85
83
85
85
85
84
85
84
82
84
85
84
80
82
85
85
82
84
81
82
84
82
85
81
83
82
82
80
81
82
83
79
82
81
82
80
80
80
80
80
79
80
82
80
80
80
80
81
78
80
79
80
80
78
80
80
80
78
81
82
77
81
78
77
77
79
80
80
80
80
79
76
79
77
79
76
75
79
79
78
77
80
78
80
79
77
76
79
79
77
77
78
77
79
78
79
78
78
76
78
79
76
79
76
78
79
78
79
79
78
77
76
77
78
78
76
78
75
76
74
76
77
76
76
78
77
77
77
78
77
73
72
74
78
77
78
76
75
76
79
75
75
76
72
76
76
75
74
73
75
76
76
74
76
76
76
75
75
72
71
74
74
74
75
76
78
75
74
74
76
75
74
75
73
77
76
77
71
74
74
73
77
74
76
74
75
75
74
75
74
72
73
76
75
74
74
75
75
75
75
74
75
72
75
74
73
73
73
72
75
75
74
75
72
75
74
74
73
74
73
74
74
74
72
72
76
70
74
72
71
73
74
75
73
74
73
71
73
74
72
71
72
74
76
74
75
71
75
73
72
72
75
72
73
73
75
73
73
72
74
74
74
74
73
74
72
74
75
74
72
73
73
73
72
74
73
73
71
73
72
72
73
72
74
73
72
74
72
72
74
73
73
72
74
74
72
74
75
72
73
72
72
72
72
74
71
73
73
74
74
76
73
70
72
73
73
73
71
72
73
73
72
72
71
72
73
67
73
72
72
72
72
73
71
73
71
71
74
74
70
71
74
71
72
70
71
71
72
74
74
72
72
72
71
71
72
73
71
71
74
72
73
71
73
73
73
72
71
72
72
72
71
72
72
73
72
72
72
72
71
71
71
70
72
72
71
72
69
73
72
68
70
72
72
72
72
68
72
73
72
72
72
69
72
72
72
72
72
72
73
72
72
69
73
70
71
72
73
68
71
71
73
72
72
71
71
71
72
72
69
71
71
74
73
72
72
69
72
71
71
71
68
71
69
70
73
71
72
71
71
71
70
71
71
71
72
72
73
72
70
70
70
73
68
69
73
68
71
68
68
70
74
72
71
71
71
73
71
72
74
72
71
68
69
71
73
71
71
72
71
72
69
71
72
73
71
71
71
71
72
69
72
70
71
71
71
69
72
72
68
72
70
71
72
71
72
73
71
67
69
71
68
72
70
72
72
71
70
72
71
73
71
71
72
71
73
70
70
70
71
72
72
71
72
68
70
70
71
70
72
71
73
71
72
72
72
72
72
72
71
72
71
70
73
73
72
72
72
71
71
71
70
72
72
72
71
70
72
72
72
71
71
72
71
71
71
73
72
71
71
73
71
71
71
71
72
71
73
71
71
71
71
71
71
71
70
71
72
70
72
69
72
71
72
70
72
71
71
70
71
71
70
70
70
71
71
70
71
72
70
71
70
73
71
70
72
70
71
72
72
72
71
70
73
72
71
70
69
71
71
70
71
71
71
72
70
71
71
71
73
71
71
71
71
70
70
70
71
71
71
70
71
70
71
71
71
72
71
71
71
70
72
72
73
72
71
71
71
72
70
71
70
73
71
70
69
71
71
70
71
71
72
70
72
69
70
71
71
71
72
71
71
70
70
70
71
71
71
70
71
72
70
73
71
72
71
71
71
70
71
70
70
70
70
72
71
70
72
72
70
70
71
71
71
71
70
69
72
70
71
71
70
70
70
71
70
71
70
71
71
72
72
70
71
70
71
72
69
72
71
71
71
71
70
72
71
72
68
72
71
72
73
71
71
71
72
72
73
72
72
71
72
72
72
71
70
71
71
73
71
69
71
71
72
71
71
71
70
71
71
71
70
72
72
73
72
71
69
71
69
72
71
71
72
72
70
70
70
71
72
71
71
71
71
72
71
71
71
71
71
72
71
71
72
71
71
71
71
71
70
71
71
72
72
72
72
72
71
70
72
72
71
72
70
70
69
72
71
71
72
71
71
71
71
70
72
72
71
71
72
72
72
71
71
71
72
71
71
71
70
74
72
71
72
72
71
73
71
72
72
71
71
71
71
72
72
71
72
73
72
72
73
73
71
72
70
72
70
72
72
71
72
71
72
70
72
72
72
72
72
71
72
72
71
72
72
72
72
71
72
71
73
69
72
71
72
71
73
71
71
70
72
71
71
70
72
71
72
71
72
71
72
72
71
72
71
72
72
72
72
71
72
72
72
71
72
72
73
72
72
72
72
72
72
72
71
73
71
72
72
72
72
72
71
72
72
72
72
71
72
72
73
72
71
72
72
71
71
71
72
72
72
72
72
72
72
72
72
72
72
72
72
72
71
72
71
71
71
72
72
72
72
73
72
72
72
72
72
72
73
72
72
72
72
72
70
71
72
72
72
72
72
73
72
73
71
72
72
71
72
72
72
72
72
71
72
72
71
72
73
72
71
72
72
72
72
72
72
72
72
72
72
72
73
72
73
72
72
73
72
72
72
72
72
72
72
72
72
72
72
72
72
72
73
72
72
72
73
73
73
72
72
72
72
73
72
72
72
73
73
73
72
72
73
72
72
72
73
72
72
72
72
73
72
72
73
73
72
73
73
72
72
73
72
73
73
72
73
73
73
73
73
73
72
72
73
72
73
73
73
72
73
72
72
73
73
73
73
73
73
74
73
73
73
74
73
73
73
74
73
73
73
73
74
73
72
73
72
73
72
74
73
73
73
72
73
74
74
73
73
73
73
71
73
73
73
74
72
73
73
73
71
73
72
74
73
73
73
73
73
73
74
73
73
73
73
73
73
73
74
73
73
72
74
73
73
73
73
74
74
73
73
74
73
73
74
73
72
73
72
73
74
73
74
73
73
73
73
73
73
72
74
73
74
73
73
74
74
73
73
73
75
74
74
73
73
73
74
74
72
74
74
74
73
73
74
75
74
73
73
74
74
73
73
73
73
74
73
73
74
74
73
74
74
73
74
74
75
73
73
74
74
74
73
74
74
74
73
74
75
74
73
74
75
75
74
73
73
75
74
73
74
73
74
73
73
74
74
73
74
75
75
74
74
75
73
74
73
75
74
74
74
75
74
74
74
74
74
75
75
75
74
75
74
74
74
74
74
73
75
74
74
74
76
74
74
75
74
76
75
74
74
74
73
75
74
74
74
75
74
76
74
74
74
75
75
74
74
74
75
74
74
73
76
74
74
76
74
74
75
74
74
73
73
74
73
74
75
72
74
74
75
74
74
74
74
74
76
75
75
75
77
74
75
74
75
76
74
76
75
75
74
75
76
74
75
73
74
76
76
75
74
75
75
74
74
74
76
75
74
74
75
74
74
75
76
75
74
75
74
74
74
76
74
74
76
74
74
75
75
74
75
75
75
75
76
73
75
75
76
75
76
75
74
76
75
76
75
75
76
76
75
75
76
73
75
76
75
75
76
76
75
75
75
75
76
75
77
74
75
77
76
77
75
76
77
76
76
74
76
76
75
75
76
76
75
77
76
76
76
75
75
76
75
76
76
76
75
75
75
74
76
76
76
75
76
76
76
76
75
76
75
76
76
76
76
76
75
77
76
76
74
76
76
75
76
76
76
76
77
75
76
78
76
76
76
76
77
76
76
75
76
75
77
76
77
76
76
76
76
76
76
77
77
76
76
77
77
76
77
77
76
76
77
76
77
76
77
76
77
77
77
76
77
77
75
77
77
77
77
76
77
77
76
77
77
76
77
76
77
77
77
77
78
77
77
77
76
77
77
77
77
77
77
77
77
77
78
77
77
78
77
77
77
77
77
78
78
78
77
77
77
77
77
77
78
78
78
77
77
77
78
77
78
77
77
78
77
77
78
78
77
79
78
77
78
78
78
76
78
78
78
78
78
78
78
77
77
78
78
77
77
77
78
78
78
78
78
79
78
78
78
78
78
78
78
78
79
78
79
78
79
78
79
79
79
78
78
78
78
79
79
81
78
78
80
79
80
79
78
81
81
79
79
80
79
82
79
82
79
80
82
79
81
79
81
79
79
79
81
80
79
81
79
80
81
79
81
80
80
80
80
82
80
80
80
80
80
81
79
80
80
81
81
81
82
82
83
80
80
81
81
83
81
80
83
82
81
81
81
81
82
81
81
81
81
81
83
81
81
82
83
83
82
81
82
82
82
82
82
82
82
84
85
83
82
85
82
82
83
84
83
83
83
83
84
83
83
83
83
85
83
83
85
85
86
85
85
85
85
87
86
85
84
86
84
85
85
85
84
87
87
86
85
87
87
87
88
89
88
88
87
87
84
89
89
88
89
88
89
88
89
86
89
89
88
90
88
89
89
89
92
90
89
87
90
91
90
90
90
89
89
91
89
89
91
90
90
93
91
93
90
92
94
91
92
92
91
93
91
94
91
91
95
95
95
93
91
94
95
95
95
94
96
96
99
96
98
95
95
96
99
95
98
99
100
97
98
95
97
99
99
97
97
98
98
101
99
102
100
101
99
100
102
98
101
102
102
102
102
104
103
104
104
104
104
110
104
104
105
105
103
106
107
103
108
108
108
108
108
108
109
107
108
110
108
114
112
114
113
110
110
111
110
113
109
114
112
114
113
112
111
116
116
113
117
116
116
117
117
116
119
116
116
119
119
119
120
120
121
120
121
121
122
121
121
120
123
120
123
120
123
123
128
125
127
125
122
125
129
128
126
126
131
128
128
130
128
127
126
135
130
130
133
129
129
135
132
132
133
135
134
135
136
132
137
133
137
140
137
138
136
136
137
139
141
140
140
141
139
142
142
143
141
143
142
144
144
142
144
144
145
147
145
144
149
144
146
146
150
149
152
150
148
152
151
153
152
151
154
150
151
154
154
154
155
156
155
154
156
156
158
158
158
158
162
158
158
164
158
161
160
162
161
165
163
163
165
162
166
165
167
165
166
169
163
164
165
167
170
168
172
170
171
169
173
172
173
172
173
173
172
173
172
174
175
173
175
178
175
176
177
177
180
175
178
177
177
179
182
181
180
183
180
179
183
182
179
182
183
183
186
184
183
187
186
184
188
184
186
190
186
188
189
189
187
188
185
192
190
194
189
193
197
195
195
199
196
196
196
192
197
198
199
197
198
193
199
201
199
200
199
197
199
199
200
200
204
209
207
201
205
208
203
208
207
206
209
211
207
208
205
207
208
206
212
209
212
210
209
211
215
214
218
212
214
220
217
213
218
210
217
220
218
220
220
223
214
219
218
220
224
221
222
225
225
221
223
226
223
223
223
225
224
226
227
229
224
230
224
229
228
231
230
222
228
231
232
229
237
237
234
230
232
234
232
232
236
233
234
236
231
235
239
236
236
239
233
237
237
239
239
240
241
237
243
237
244
241
242
246
246
242
241
244
242
246
243
241
241
246
245
244
246
245
245
246
246
248
252
251
251
252
249
251
249
254
250
255
251
248
255
254
254
258
256
257
255
260
254
259
257
259
258
261
258
257
261
260
261
260
261
261
262
264
264
264
259
265
265
265
266
266
267
269
261
265
266
267
266
266
269
269
271
267
264
269
273
270
273
279
274
278
273
279
275
276
278
280
279
277
285
275
281
284
278
282
281
285
283
288
286
286
